2.793499828511198E8 3.9314563949290053  4.217862198929069 1.2689647792397034 1.847526529467904 0.8191370008064115 0.1153156207659356 0.9222667259033723 0.6627144749749881 0.12778070038979294 4.311178442968328
7697.506185803754 1.539552048445711  4.66065762409602 2.1795480729459693 4.921035866097098 1.5665718195703378 1.5583657817172831 2.3894265091956797 2.1938294384057166 3.786220844338626 3.4661037829794212
-3.490611825907364 0.9106550791520895  0.5000656448134089 1.5843888682866347 2.888608593125959 4.836918689023497 4.611430424073198 2.913909413267901 4.05595558804602 2.388655529192682 0.6991458166237215
46.99867597080018 4.7303688317277945  0.6526258899148119 1.0662502116214712 0.8919233224541934 2.586304324112296 1.306837745091023 4.20981408651862 3.7952884898399315 0.8926172348224071 3.198110698576965
3.2662082175267875 1.6405225975866478  0.3112136313002223 2.6466361080535568 1.7596968126519568 1.440362283079306 1.7041268855788587 3.721208299009713 2.4158841444938126 0.35136321278810334 4.695701041557867
34410.55302506711 2.6263991715444304  3.09202078608682 4.971063518136854 3.1597983040173343 4.678607207087316 3.2963241920230364 1.0490791413763452 0.8191617126550338 4.357156749264528 2.558483246829988
818622.0796340655 4.759221443273401  2.290087503834653 4.8778791557744965 4.297111243218032 1.5007177329369463 2.4024606579765866 1.3046089379146208 1.691821395172643 1.4900837481451867 3.7636612444701782
352407.64974178997 3.762566547921055  2.74674021155208 3.2898564868861 4.5888939956582 1.9864743779122898 3.1176964641025 0.5806311583499513 2.7486379241633676 2.55759809424063 3.4818410048151947
259389.64200327254 4.90598869114129  2.0699335978032973 2.6895961707670475 3.7205511931451536 1.9170692510257759 1.939207324610928 0.9211700344893398 3.2905439092756272 2.571580462849723 4.570186839943322
4.4116826503572166E7 3.3968570233287987  4.444745649517219 0.9464039493497878 3.615933279880599 0.6725567034931291 1.4259500628705413 1.6717798594299293 4.044202397537178 2.4021635331355107 4.896350237612417
5966.605074335587 1.782304681933139  3.7302322359598206 4.384520064838464 4.193994534755311 3.6392234198864437 1.9032897412011263 3.982261109829557 1.097117621964967 3.8562646484475427 3.333896379188338
3.746690095468011E7 3.3803862942216414  4.242738905410213 3.8540980595165655 1.993114082097509 4.201215545629493 2.8370947043024524 0.5326464552050869 0.8412321176954998 4.61715564767286 3.2380331688214414
3.6890445180556664 3.6293601522475183  0.684945373246677 0.27409648755285676 3.0095924920844648 1.9712416672985866 1.7022543705648903 1.4906748771081824 4.415644378344276 2.4410910887697734 1.1383625012267913
498.25922832257044 3.625850239358295  1.2828587515225964 2.9502997763286363 3.820514641831275 2.922675410562949 0.9117606985517962 2.9649534369166632 1.9420317441715582 0.2077312273780696 2.853986933476424
2.4912401871534985E8 3.369045611589479  4.856272212525169 1.675176467582022 3.7648098856028436 3.4757732175240905 3.18673641624915 4.176448730478583 2.039819618240279 2.660697302391879 3.3952292292502237
5.208775120347891 2.144724310452826  0.36660319984790024 4.635513901598098 2.380161127482524 1.8886097112202922 1.9954497866786762 4.568753496772086 4.9760805514105515 4.829046039625424 4.483806901602699
176.65192366399296 1.5785367367519598  2.382357101636501 2.8881484483178714 1.0964226995797786 1.1020742786016138 0.8088911834900764 0.6547891651514298 4.8503127408397635 0.3938634694267845 2.886674768956489
2102.731151959304 1.6245560813216864  3.8777202675092086 1.2161746943155989 2.0461112062969637 4.2499764790366195 3.6785236531120575 2.547388477969315 3.2581145096416697 2.438773259404989 3.073742635625602
75.69476319396087 2.7976523288879678  1.1630561709213583 1.6034385161498914 4.365842406168163 2.600837885986692 3.3830602504807143 0.5398459845407705 4.160587282541153 4.70928244328234 4.00092813583566
1.628920883238191 0.4249223913149336  4.444602785750467 2.122677282188969 4.144516123391077 4.146907364074979 4.288433644267088 3.439443323093076 2.167030227001155 4.392035085016546 1.3808495921786172
59.34825051711202 0.4035113713457983  0.259785782393841 0.4342854914740757 3.158597337221602 1.2666901665338752 2.3694808021383706 1.4646843747611942 4.494888858364258 4.527794949713865 3.8960320368393746
1042894.0691752802 4.684096744354561  2.647757175665582 0.25339504558263337 1.6747322388707229 1.4969360861988812 3.132364990661925 0.7011876446748078 2.1994557796286562 0.08608025073719772 3.564634618396817
8.634772468329176 0.4286200147770691  3.533637176936738 3.430924616240514 3.5666594427400944 3.3644451401037134 0.6106301685695237 2.3806529334399067 4.9817391527522075 4.877659280101977 1.5860300977446329
17.207318358436083 0.9482028970498796  2.1492108726138492 2.7807712232162625 4.277164622967071 3.121837088204556 2.1703768924056206 4.563974612433834 2.0201936741372055 0.364574123896636 3.2414267509584995
1961.0422598470068 1.2463676183890242  4.930358900030079 1.4947884120548938 0.965665390006694 3.2479427532231484 4.614845635818438 0.3384513088136337 4.283382526033594 1.8750863757972125 3.940239630214186
-1.9114037419927357 0.36060146541682214  2.84825624740693 2.1471785626437883 4.545631429997577 3.824830379474834 3.4172890593416883 3.9982910283579547 2.8375983987848445 0.15016251126222901 4.491939687818024
27.55542245348932 4.002014766392502  0.5014689936564992 4.581062158012284 1.1799392225448144 0.770531704741647 2.8031388021731014 4.188547260743375 2.3562399951437962 2.7741892653044955 3.520255737097542
3.3254243220380664 0.9814901024252304  1.0517219035236824 0.776087967429141 4.53165042681586 3.3388915610111183 2.6459755063575647 1.9296326095284484 1.6753138804474967 2.189004858100039 2.0652269941933867
13382.38540700985 3.027607931608769  2.587676345719519 1.4539052578514484 2.7465840402908865 2.913990008105745 1.6126716157090644 1.2801986965807988 3.949538958901433 2.2986555293768243 3.8508174807373776
1.456044588899361E9 4.246168494420725  4.187000522676641 2.228193062409829 3.475156569653985 3.7133919037125027 3.8953927160869712 0.07110240049502503 1.5926515610863703 4.362263445003332 3.312464380196105
2072.0994123386436 1.2458539817492031  4.583952844117724 4.54087940952216 4.845768447933395 1.4279124980089701 0.9841434007015959 2.2861867351029757 4.398890595833152 3.9918688494969983 2.329650775643477
2800.3529208058267 4.915147433500967  1.282350456366177 2.142484825123577 0.8207683958296115 3.090276276207106 0.8735827547433983 3.8636067582516036 0.8242530164894251 3.747075767044551 0.8117295092504697
6.550388920106749 2.740844119436679  0.35501209408510537 3.121597588892873 1.1576948957303168 3.4743294020769433 0.550381186096302 4.7344657303573285 3.158700691421393 0.5028685237965386 3.5278868596074
713.4628876423149 1.120260882728451  4.291527955766327 4.318876200713671 2.840832862816401 0.74247252169475 0.5890548718086175 1.046752344442231 0.96553685053987 1.4933234191907356 0.8101816831124848
26.91056023597814 3.2526141272726106  0.6756153069480986 2.680338420183074 3.8375937040346524 4.81255215292125 2.789714736248317 2.6882907341381603 2.641908081654173 4.562449997150891 1.3166401051116177
96202.98943536686 2.2681622464311646  4.348596359239001 0.7218255067235119 0.6860846687599481 3.1062087954026314 1.4433661501201915 4.322020602181974 1.9237923688842233 3.6225507813705122 4.112781432327475
4.240492899751044 4.337880482801254  0.03203854440659459 1.7533431060819304 4.768448550693843 3.736979417893257 4.510253299655265 3.282981511125647 4.097651930355132 2.8968719687673152 4.676813637825345
98.52872915193302 2.626064250811742  1.2037965983836525 4.013507787790587 4.821867057125053 2.135401165116246 2.5733815001681464 4.414526550843617 1.1856390880512149 4.051678435424586 1.6869209318585097
3.3253894404310733 3.3308969603449015  0.7391991459238068 0.008741110032978727 4.0570164124164965 1.9958289563353389 3.2899749328309005 0.5003350027414405 1.6570824912138935 3.476053663603828 4.008182846210913
24602.794006970442 2.384310491731489  3.4126539140994887 2.4604408353014366 4.782471464139644 4.440256545966687 3.443611655365694 4.590642096222821 2.219931829097978 2.496690986243543 1.8300729144414722
380867.8597952375 4.036220783369772  2.602353995395432 2.6105274301384505 4.382066238408817 2.671496589224263 0.9125742619651461 2.6408015627391235 1.5146348273113097 2.298805450838615 3.850296738553187
10.305858251031722 0.8663393348525833  1.3280337762836232 4.69906521534816 1.188259570540319 4.343722868264313 2.557189102977177 1.3459924210866818 1.1410509302181593 1.4202714783404242 3.262799583252199
0.5167351426633343 2.289286489761092  0.2829471048692228 1.137738876589689 2.6846181292603424 4.093476907490525 1.4103059882823221 2.438887802941918 1.4866984804302634 4.379553107591819 4.1617149058863525
5.323412800041015E7 3.3388307203434486  4.578647984191316 0.8936380578820802 3.819844252632377 2.598399297771141 1.6784565090810095 3.5418092711006866 2.900875465916917 2.8523919329107796 3.3621966844412303
7.963581410581168 1.1310321540118267  2.115094262847648 0.45595514842055374 1.808325839496185 4.48251509018968 2.0525994892763637 2.6588536788916994 4.501723088454871 4.719178067704361 2.075587578157386
10.769416820691552 3.5633013111264864  0.507554333997714 2.2738948741673477 2.830713134482548 0.65300745442192 2.1408071106782867 3.7373546086030958 1.4585969695097314 2.734159576715112 2.1410832248253664
24769.57368647083 2.359426069889987  3.3623622942261533 3.9704775598082307 2.0540035274652784 3.78989423749019 1.5030095091587448 0.3056223366118427 1.9254089651535762 3.817012053309869 0.9585677880451089
7.446773631841099E9 3.8251401847082396  4.9904781547953245 2.900290675208325 3.90428811880419 3.6415058116382863 2.6503304127244887 0.8420986861031282 4.595891496314663 2.4127559519772728 1.3059807044414207
1.091542553166405E9 4.643594313511415  3.803910138664796 1.6290113834071502 1.0056583487701733 0.6984956513482486 0.4071067837158354 4.289922405536677 3.4117429448750323 3.7116872596267414 1.2465293249118468
915.5071234914234 2.6770551589215636  2.156326409804907 0.7712288835238446 3.923524582949308 3.6894153434908303 3.4889790444389446 2.493570966002219 3.7008257898559025 4.049097693426644 1.3921618328890808
4675057.296009008 3.21534839572264  4.094723524334624 0.8864094007664575 0.61624809066443 3.1925052394512403 0.8702001348085514 4.497033039358616 1.9952483066465292 4.625456476138303 3.514550069013163
6046230.095828739 3.0411234225036843  4.791052269982429 0.05954080278075813 1.9207618523944263 1.090910038102099 0.170388864129416 3.7552709785770406 3.5372336089331493 3.9898829783149763 3.7767801691243696
1175.0575764224961 2.3882677560931054  2.556592184841997 0.5950061238271448 3.4097444590850166 3.6803724303193133 2.6363244309518503 4.725106248415413 3.2019256226317454 4.029764234857885 2.5601026570769614
2317244.4682521485 4.627120364686547  2.621067468546108 2.344579750600781 3.1126474835370277 2.4067067199871266 0.40714690437660406 0.8237595650876861 0.7471575957159756 0.6019810263425257 1.9113301126814068
3.8699367100891943E9 4.796089470983942  3.924638652959413 1.4413021582150103 1.161939727175843 4.770863717872321 0.28871231415278753 2.8818896955645683 4.255973121044916 4.349261934042219 3.1373797356322903
2066.076650144296 4.844524697899707  1.243689847109117 2.1916435614113072 0.8995659652112623 3.16677665434696 1.7102171507723252 4.435022845446546 3.8023109386157 0.6696584242542103 2.992417477090223
-6.782937186177815 0.29001147571050545  4.0986235550847425 4.113231938919496 1.9657968723656576 4.654785170307049 2.457012899112297 4.157776349565076 3.59648254892357 2.577124269595568 1.377166226460217
-0.4117759703542795 1.5115743399196675  0.19965073080667306 1.322043287010319 2.821112929294649 3.0333839885987195 3.0593966360427407 2.5674291145615125 2.926373803348303 1.2139250856637218 2.3050585244555615
1.5553746759316134 2.888617342086138  0.12891761761268328 2.851977577410934 2.767999201004264 4.035185333121292 0.8378030230800904 1.6284591708382008 3.8929172367496023 4.786438981324415 2.8606538956056826
3.3433784702919894E8 3.6969762898606655  4.566477528550256 0.9149862179074947 2.4087637310330154 2.9889405639352398 2.8580889737090516 0.8520779398797662 4.953295514819592 1.5083226913042347 4.02545678630931
35.33949121880046 1.0344800586135845  2.503941704354159 2.4182654169115003 4.681717308171243 3.2765826193213274 3.8124828851841692 3.882068971579754 1.1602876628746044 0.8906059930884513 4.787078738652959
22.43251418400328 3.968347445709599  0.49160476332139325 3.2865419908132676 1.2639970069001372 0.9596518222863322 1.8163483573729517 1.8210625111434353 4.767638343215802 3.1367679237665866 1.9604435171460644
278589.53503153357 4.678106558341184  2.2990438616172866 0.7853097851529539 1.2364698664357763 1.7089952154222336 1.580430421282431 0.8135267374353594 0.8245490447845634 0.03009542024247913 1.2840455332170198
9.462492233398395 1.1661925494867675  1.2803572586742344 2.3013139210606677 2.114741084032258 1.0699109667513638 3.4930575822459904 0.7501472477092597 4.691352482610757 4.166599925730226 1.1285012245541584
102001.5418109952 2.382733796133978  3.8961918024178477 3.059045518649763 0.8193141805364379 1.6252874610125372 2.015331505173247 1.6829432529560178 1.4758563299079963 4.643578348208975 2.455890298745372
611.8849466943918 2.573199853257159  2.006486033850557 1.389039034889748 1.6651209160027287 4.443885877506987 1.9712710981289627 1.3845867057267065 0.7372349969489604 1.893772504712351 3.052523475123359
8831227.51140287 2.7225908275913726  4.789529065463631 4.221015619173203 1.8924614394288914 1.450580386238751 3.8988918932515304 3.8952477947424198 3.7719184545053035 1.6183589329987702 4.849411558035021
4158.51485807046 3.005862423728045  2.121729010279005 3.9611900224360563 2.5530941124958213 1.3297250499469722 0.5401649921384988 4.275289824860588 4.442683000892252 2.1571699004281415 1.3372000552985708
379.0155343827724 1.7325913904345307  2.4537514823602273 4.290258703183477 3.9407706018730204 1.8402074513946962 1.788675388191256 1.7248346733991449 4.315807227939539 1.9081985557984265 2.837790818843236
16.753504255309828 0.9189115314141427  2.205906189553058 3.3517554798319686 2.6676718946136537 3.318294448758926 2.3127042811764325 3.797258136010308 1.0282115340599756 1.915312881661435 3.944148801326814
88381.07537628722 2.059023747340964  4.3704288120705055 4.4077672795389065 1.3084371449546477 4.277932804130401 4.535599646870025 1.381861178068985 0.7321808801285403 0.6560401534655852 2.982502835987473
52664.25261699787 3.082770181198608  2.8203481897005362 3.1417268131986296 1.0520310651820086 4.162340628795163 3.4200460870497276 2.173206211280252 2.4935655427423646 0.6312637204157057 2.555653050397375
549.7954173872715 4.75865663273512  1.0818087343010956 1.1605621908422354 3.527547143896735 3.6988821272452124 2.381665115705522 2.3959369962727233 0.6029956225345546 3.1648007044248665 1.5295027100153162
23.861430610780687 4.770217490466032  0.40499598552062477 3.8684201444069877 1.0309334496449183 1.373462465116711 1.7918669269702074 4.98249627392946 3.970115529133157 0.02032436728343412 3.9330931340249045
878.0142755775887 1.3977798942837265  3.57230324068599 4.182159421977509 1.2220312354855856 3.1518712288942834 0.6397770535469233 0.27829623619957944 3.3983860933360335 3.021317821256181 4.429961597806174
214.01965625713055 1.670676925665937  2.293300476134807 3.6686140331732586 4.250476525263813 3.583253214411632 4.5562123937508545 2.698995663387793 4.391583896168801 0.8801638443668458 1.6289005174236606
6.796254652722189 2.213051867763566  0.3647750712208381 3.692177120506047 1.1889102928814776 3.9435519768867917 1.185060101394539 1.8151410781581911 3.4505043664790254 2.2966975860533116 4.847304966561303
8.954027792037332 2.939018492860769  0.20908564809529906 3.35858553407148 3.6053106543524085 3.401465084167906 4.773134687175445 1.7711963647166291 1.5260112150353884 0.04429872044393657 0.801092907537966
0.9638965286386281 0.6126269346200819  1.4619020689252777 0.17006126704326607 4.614583761094547 4.272029261848681 1.3708580384036617 2.1427033435828315 1.3677190723804362 0.020726859814918508 1.0212947177956404
7888.755351909477 1.8804940858061463  4.0558340381203255 0.8144784129228411 2.953065292067979 0.9880272634239157 3.5532943051998718 1.6339063540465153 2.2302287375442464 4.977389827312958 3.407184823327251
3.8839941368371163 0.21888638294112972  0.6623135047139267 2.796382556827846 4.977271652074334 4.660337242708687 3.52264503733611 1.9586655851340917 4.673681663776698 4.0586758090507615 4.006377602704539
-0.15294522605853939 1.7743986523051776  0.4113845309567954 0.283038850804454 2.6778389790003287 2.9772375650680396 1.605868780787199 0.8230524530517103 3.0439634002611813 3.164606732180294 3.3195035982570498
2.7005413962345753E7 2.9831999577245885  4.836856361300907 1.6398849137162168 2.217581061578131 1.5403971332022486 1.8593673027893605 3.834940958930184 1.880380715728612 3.1057314309191275 3.385510126532615
3936868.304738367 4.2462782257974325  2.89983102590555 4.42560536758611 4.964213199385515 0.7514274471546621 4.909524940105059 1.053613444620845 3.134061764463373 3.237352400353794 2.906672419594675
2.778335791001364 0.6384945849610518  3.462263494822029 0.8194415453126241 1.6275257797959632 3.9158143279570856 2.544271435066933 3.6134075959596776 4.4664111139592775 4.757466473749345 3.1821516154287317
1458.775312378254 1.4119818083118696  4.527439811348983 0.4773415964986538 1.8803644162390873 4.957889889079792 2.5058741447091752 2.715421214340028 1.930177510913138 4.723927781384283 2.766259505686175
10038.652155952868 1.8970100739148554  4.077657951111249 1.0273021077321975 2.814188828283209 3.347104823843525 1.5760662580819018 1.2890483373091017 1.9312951900621944 2.514162950449183 3.8521031785389477
2.142675866479065 0.7365813083219608  0.14070010804043465 1.889052862256213 4.643452967866911 2.396838089054937 0.376745120915456 3.7425531722864114 3.561627653941431 3.4162550200742823 1.7713237513544406
8.055660967638036E9 4.348472586557374  4.353745354747721 4.863490506289601 2.4375756171838527 4.555677665585475 4.3963023697551415 0.6140459338513676 3.4338038307201795 4.13247170276051 3.4333541875616658
12.079116363502566 3.177157911353685  0.3921572706966314 3.21052660691206 4.952581498908013 3.379653104356093 3.9847722505116456 1.2192591394400465 4.610981359259134 4.6025694510089465 2.6088247869729773
2865249.820518525 2.9680173985484397  4.1452069941447025 2.4009392748773886 3.4030658454432072 0.7331336007559462 0.4101436078934273 2.891737268273122 4.696832469104463 0.9498061981535882 4.466082107140507
10.28106492225424 0.7106852702606725  1.983469082442949 3.772190989080481 2.2242216318440176 0.7656582142986803 3.3312123980741526 1.3988453612163432 0.7433036522583463 1.831025838786196 2.5405969412651874
15.783064530760477 1.5035457191896262  1.23372221403368 2.276923500957685 4.407231132106667 3.370173087524074 0.09524429130081946 3.0709289695798896 1.2734981835414998 2.6750294975280293 3.96643591117026
156328.98225289918 3.78670888426982  2.4951630501648854 4.925986438202171 3.952117660188666 3.7321451093342937 3.3155660110879475 4.031664224178798 4.650838518930913 4.440457035987866 4.207822758567814
37245.94998785124 3.778800425945909  2.462210982504127 0.3885834048221892 3.191644635834041 4.684644176261674 2.007232961692362 0.29893287843628935 4.118732865875901 4.663412202413949 2.746718502425702
329.97038939459514 2.589254111328692  1.8088625712823536 1.2166957484934455 2.238288195395282 2.316359999666221 3.7684934907179906 1.0243357418124388 1.6712720951510271 2.822060234119358 4.52767515488723
627419.0918972802 4.1212974943386405  2.61030474047028 3.958802101747105 4.152669248078234 3.1309918962438994 1.7803457614924134 0.5457758260217999 3.497755808935292 4.874496580013409 4.1210662376366525
90.65064373913218 3.2433685105890535  0.9802901332177721 2.871581607768354 4.603850566602694 3.689642884283684 2.7726809250779554 2.4845513964685444 1.593577892446199 1.259574804338357 1.4960322653006273
20381.910508543904 4.703352623171792  1.6667137226051187 3.3334293035330784 3.6860681368156047 4.213608144126202 0.16803801883540193 0.7723947476188675 3.3874209674580587 0.54842241109404 4.919710534866428
126.30835652822465 1.25893202065969  3.4301417810204167 0.4190300904757993 0.6880083530392822 0.7828969858036571 3.7857239284762683 0.14428925725890496 4.358805238484583 4.235556439299359 4.2129032433320734
