Id,Score
1,3.8
2,3.6
3,3.9
4,3.4
5,2.6
6,3.9
7,4.4
8,4.3
9,4.0
10,3.7
11,3.6
12,4.6
13,4.5
14,3.1
15,3.2
16,3.1
17,4.2
18,4.0
19,3.2
20,1.7
21,2.6
22,2.4
23,2.5
24,2.7
25,3.1
26,2.8
27,3.4
28,2.5
29,3.3
30,3.0
31,5.0
32,3.6
33,3.7
34,3.9
35,3.6
36,5.0
37,4.2
38,4.0
39,5.0
40,4.8
41,3.3
42,3.0
43,3.7
44,3.7
45,1.3
46,2.3
47,3.1
48,1.1
49,1.3
50,2.2
51,4.4
52,4.3
53,3.3
54,3.8
55,4.2
56,3.4
57,2.9
58,4.1
59,3.7
60,4.0
61,3.8
62,4.0
63,3.8
64,4.6
65,3.7
66,4.8
67,4.3
68,4.7
69,4.4
70,4.6
71,4.8
72,4.9
73,4.8
74,4.5
75,4.6
76,3.3
77,2.9
78,3.9
79,2.3
80,3.8
81,3.6
82,3.9
83,4.5
84,4.2
85,4.6
86,4.7
87,4.4
88,5.0
89,4.6
90,3.7
91,4.3
92,3.8
93,4.5
94,4.2
95,4.5
96,4.0
97,4.3
98,4.5
99,4.2
100,4.5
101,2.9
102,2.9
103,3.5
104,3.1
105,3.6
106,3.6
107,3.6
108,2.6
109,3.7
110,4.0
111,4.5
112,4.8
113,4.7
114,4.6
115,4.7
116,4.8
117,4.6
118,4.5
119,4.2
120,4.6
121,3.8
122,4.8
123,3.2
124,3.5
125,4.2
126,4.5
127,3.8
128,3.0
129,4.0
130,4.2
131,4.2
132,4.4
133,3.7
134,4.3
135,4.1
136,4.2
137,4.5
138,4.8
139,4.5
140,4.7
141,3.5
142,4.0
143,3.3
144,2.6
145,2.8
146,2.7
147,1.7
148,3.2
149,3.6
150,2.7
151,4.4
152,4.4
153,5.0
154,4.8
155,4.8
156,4.8
157,4.6
158,4.6
159,4.6
160,3.1
161,3.5
162,3.6
163,3.1
164,3.2
165,2.9
166,3.4
167,3.9
168,2.3
169,3.7
170,3.3
171,3.3
172,4.0
173,4.6
174,3.7
175,3.6
176,4.8
177,4.1
178,4.4
179,3.3
180,3.1
181,3.5
182,3.9
183,3.3
184,3.8
185,3.6
186,4.1
187,4.2
188,4.2
189,4.1
190,3.5
191,2.9
192,3.3
193,3.2
194,3.1
195,3.3
196,3.6
197,3.3
198,2.4
199,3.1
200,3.1
201,1.0
202,3.9
203,3.7
204,3.5
205,3.4
206,1.7
207,1.8
208,3.9
209,3.8
210,2.1
211,4.5
212,2.7
213,3.8
214,3.5
215,3.9
216,2.2
217,1.8
218,3.9
219,4.6
220,2.2
221,4.1
222,3.6
223,3.9
224,3.6
225,3.2
226,3.7
227,3.1
228,3.2
229,4.2
230,3.3
231,5.0
232,4.4
233,4.5
234,4.9
235,4.1
236,3.7
237,4.9
238,3.8
239,4.0
240,4.1
241,3.8
242,4.2
243,4.0
244,4.1
245,4.1
246,4.1
247,4.0
248,4.2
249,3.3
250,4.2
251,3.4
252,3.1
253,3.1
254,2.4
255,3.5
256,2.6
257,2.9
258,1.8
259,2.8
260,2.8
261,3.0
262,3.7
263,3.0
264,3.6
265,2.3
266,3.9
267,2.8
268,3.3
269,2.9
270,2.7
271,4.0
272,4.5
273,4.1
274,4.4
275,4.6
276,4.2
277,4.3
278,3.4
279,4.2
280,3.5
281,4.6
282,4.4
283,3.4
284,3.6
285,3.0
286,2.8
287,3.0
288,3.3
289,3.4
290,3.4
291,4.0
292,4.0
293,3.5
294,4.4
295,3.5
296,4.5
297,3.0
298,3.1
299,2.6
300,4.3
301,4.1
302,4.4
303,3.5
304,4.2
305,4.0
306,4.1
307,3.9
308,2.6
309,3.7
310,3.3
311,3.4
312,3.4
313,3.5
314,3.3
315,3.2
316,3.8
317,2.8
318,2.9
319,3.5
320,3.4
321,4.0
322,3.5
323,4.0
324,4.5
325,3.7
326,4.1
327,3.8
328,3.8
329,3.3
330,3.5
331,4.9
332,3.2
333,3.3
334,4.5
335,4.1
336,3.3
337,3.8
338,3.8
339,3.4
340,3.4
341,3.3
342,2.4
343,2.5
344,2.1
345,2.9
346,3.4
347,2.3
348,2.6
349,2.3
350,2.6
351,4.3
352,4.4
353,4.7
354,3.7
355,3.8
356,3.2
357,4.1
358,4.6
359,4.1
360,3.2
361,4.2
362,4.3
363,4.1
364,4.0
365,4.3
366,3.8
367,3.6
368,3.8
369,2.5
370,3.4
371,4.9
372,3.4
373,3.8
374,4.7
375,4.8
376,4.0
377,4.6
378,3.7
379,2.7
380,2.2
381,4.2
382,4.2
383,4.1
384,4.9
385,4.4
386,4.1
387,3.7
388,3.7
389,2.1
390,3.8
391,1.8
392,3.1
393,3.0
394,2.7
395,2.8
396,3.0
397,2.9
398,2.6
399,2.4
400,2.3
401,3.9
402,3.7
403,4.0
404,3.9
405,3.8
406,3.7
407,3.8
408,3.4
409,3.9
410,3.5
411,3.5
412,4.4
413,4.1
414,3.6
415,4.4
416,3.4
417,4.2
418,3.7
419,4.2
420,3.2
421,3.7
422,3.6
423,3.2
424,2.1
425,3.4
426,3.7
427,3.8
428,4.3
429,3.1
430,3.5
431,3.6
432,4.2
433,3.2
434,3.8
435,3.1
436,3.7
437,2.9
438,3.7
439,3.4
440,3.4
441,4.0
442,3.7
443,3.3
444,3.4
445,4.9
446,3.3
447,3.8
448,3.3
449,3.7
450,3.0
451,4.6
452,4.2
453,4.2
454,3.6
455,4.2
456,4.4
457,3.7
458,3.8
459,4.0
460,4.9
461,3.9
462,3.8
463,4.3
464,4.2
465,3.4
466,2.9
467,3.4
468,3.9
469,2.6
470,3.4
471,4.8
472,4.3
473,2.8
474,2.7
475,3.1
476,4.3
477,3.3
478,4.0
479,2.4
480,3.2
481,3.3
482,2.6
483,4.0
484,3.4
485,1.8
486,2.8
487,2.2
488,3.3
489,3.4
490,1.5
491,3.6
492,3.5
493,3.2
494,3.9
495,4.7
496,3.4
497,3.7
498,4.3
499,2.5
500,4.1
501,4.6
502,3.7
503,3.6
504,3.2
505,4.0
506,3.7
507,3.8
508,3.6
509,3.8
510,2.8
511,4.7
512,4.7
513,3.9
514,4.4
515,3.5
516,3.9
517,5.0
518,3.8
519,4.4
520,4.3
521,3.5
522,4.3
523,4.6
524,4.1
525,4.6
526,4.1
527,3.6
528,3.6
529,4.0
530,3.7
531,2.9
532,4.0
533,4.4
534,4.3
535,4.5
536,3.5
537,3.0
538,3.5
539,3.9
540,3.1
541,4.3
542,4.4
543,4.5
544,2.5
545,4.0
546,3.6
547,2.9
548,3.6
549,3.5
550,2.6
551,4.0
552,3.5
553,4.1
554,4.1
555,3.6
556,3.2
557,3.5
558,3.7
559,3.3
560,3.1
561,4.3
562,4.6
563,4.3
564,2.6
565,3.5
566,4.0
567,3.2
568,3.2
569,2.8
570,3.1
571,4.1
572,4.3
573,3.8
574,4.2
575,4.4
576,4.0
577,4.1
578,4.1
579,4.1
580,3.1
581,4.9
582,4.3
583,4.0
584,3.6
585,2.9
586,3.3
587,3.7
588,4.1
589,3.6
590,2.6
591,4.4
592,3.7
593,4.3
594,3.8
595,3.7
596,4.4
597,4.5
598,4.3
599,4.2
600,4.1
601,1.8
602,2.9
603,1.9
604,2.9
605,2.6
606,1.8
607,2.8
608,2.0
609,3.0
610,1.8
611,4.3
612,2.3
613,3.4
614,3.2
615,3.4
616,3.5
617,4.0
618,2.7
619,2.8
620,2.7
621,3.0
622,3.8
623,3.9
624,3.8
625,3.3
626,2.5
627,3.1
628,3.6
629,2.6
630,3.3
631,3.4
632,4.0
633,3.4
634,3.2
635,3.7
636,3.8
637,3.7
638,3.9
639,3.5
640,3.7
641,3.4
642,3.9
643,4.3
644,4.2
645,3.9
646,4.2
647,4.0
648,3.8
649,3.8
650,4.0
651,3.9
652,3.6
653,4.0
654,4.3
655,3.3
656,3.7
657,3.9
658,3.6
659,3.3
660,2.6
661,4.2
662,5.0
663,3.7
664,4.0
665,3.9
666,3.1
667,3.8
668,1.7
669,3.0
670,3.3
671,3.5
672,3.0
673,2.4
674,4.6
675,3.4
676,2.5
677,2.8
678,2.7
679,2.8
680,2.0
681,4.9
682,5.0
683,4.7
684,4.1
685,2.8
686,3.9
687,3.9
688,4.1
689,3.1
690,4.9
691,4.4
692,3.7
693,3.9
694,3.1
695,3.2
696,3.8
697,3.4
698,3.6
699,3.6
700,3.0
701,4.0
702,4.0
703,4.2
704,3.1
705,3.6
706,4.3
707,3.6
708,3.8
709,3.7
710,4.2
711,4.6
712,3.3
713,3.5
714,3.2
715,3.5
716,3.8
717,3.1
718,4.4
719,3.5
720,3.6
721,4.4
722,4.7
723,2.3
724,4.5
725,3.7
726,4.5
727,4.4
728,4.3
729,3.1
730,4.2
731,3.9
732,4.0
733,4.3
734,4.1
735,4.1
736,4.5
737,4.2
738,3.8
739,3.4
740,3.8
741,3.1
742,3.6
743,4.1
744,4.0
745,3.6
746,2.7
747,2.5
748,4.0
749,3.1
750,4.2
751,4.2
752,3.5
753,4.5
754,4.4
755,3.9
756,4.2
757,3.8
758,4.0
759,3.0
760,3.6
761,4.0
762,3.9
763,2.7
764,4.1
765,3.9
766,3.9
767,3.9
768,4.2
769,3.8
770,3.7
771,3.8
772,4.1
773,4.0
774,3.0
775,3.7
776,3.2
777,2.4
778,2.0
779,2.8
780,2.4
781,4.2
782,4.4
783,4.4
784,4.2
785,4.3
786,3.4
787,4.2
788,4.1
789,3.9
790,3.8
791,4.1
792,4.4
793,3.8
794,4.5
795,4.4
796,3.9
797,4.4
798,3.1
799,3.6
800,3.4
801,2.9
802,4.3
803,3.6
804,2.8
805,3.1
806,3.9
807,3.5
808,2.8
809,3.5
810,2.5
811,3.6
812,3.6
813,3.6
814,4.0
815,2.8
816,3.0
817,2.4
818,2.0
819,2.4
820,3.2
821,3.0
822,4.1
823,4.3
824,4.1
825,3.5
826,3.4
827,3.9
828,3.4
829,3.3
830,4.0
831,4.4
832,3.4
833,3.6
834,3.5
835,3.4
836,4.6
837,4.2
838,3.8
839,3.3
840,3.3
841,3.2
842,3.4
843,3.5
844,1.9
845,4.4
846,3.5
847,3.8
848,3.7
849,3.2
850,3.2
851,3.6
852,3.8
853,3.4
854,3.2
855,4.1
856,3.7
857,3.5
858,3.7
859,4.0
860,4.1
861,3.4
862,4.7
863,4.8
864,4.2
865,3.9
866,3.3
867,3.0
868,3.4
869,3.1
870,4.3
871,3.4
872,4.0
873,4.8
874,4.7
875,3.9
876,3.9
877,4.3
878,4.1
879,3.8
880,4.1
881,4.6
882,4.6
883,4.3
884,4.5
885,4.0
886,4.4
887,3.8
888,3.8
889,4.0
890,3.4
891,3.9
892,5.0
893,2.3
894,3.8
895,4.3
896,3.6
897,4.6
898,4.6
899,3.8
900,3.6
901,4.4
902,4.8
903,3.9
904,3.0
905,3.5
906,3.9
907,4.1
908,4.3
909,3.7
910,3.1
911,3.0
912,4.3
913,4.3
914,3.1
915,3.8
916,3.6
917,3.0
918,3.5
919,2.4
920,2.3
921,3.2
922,3.1
923,2.1
924,3.3
925,1.3
926,2.5
927,2.8
928,2.4
929,2.0
930,2.8
931,2.7
932,3.3
933,3.5
934,3.0
935,2.2
936,3.5
937,4.3
938,2.8
939,3.0
940,3.2
941,4.0
942,3.0
943,3.7
944,4.2
945,3.2
946,4.2
947,2.9
948,3.4
949,3.2
950,3.0
951,4.4
952,4.6
953,4.1
954,4.2
955,4.2
956,4.6
957,4.4
958,4.4
959,3.8
960,4.0
961,4.6
962,4.6
963,4.6
964,3.0
965,4.3
966,3.9
967,4.2
968,4.2
969,4.2
970,3.2
971,3.5
972,4.2
973,4.3
974,3.5
975,4.2
976,3.2
977,4.2
978,4.2
979,4.3
980,3.0
981,3.8
982,5.0
983,4.6
984,3.5
985,4.1
986,4.0
987,3.2
988,4.2
989,3.1
990,3.7
991,2.9
992,3.3
993,3.4
994,3.7
995,2.7
996,2.8
997,2.8
998,3.1
999,2.4
1000,3.5
1001,3.7
1002,2.6
1003,3.0
1004,3.8
1005,3.0
1006,2.5
1007,3.3
1008,3.4
1009,2.9
1010,2.4
1011,2.9
1012,2.7
1013,2.5
1014,2.5
1015,2.6
1016,3.5
1017,3.4
1018,2.6
1019,2.2
1020,2.3
1021,3.4
1022,4.2
1023,3.7
1024,3.3
1025,3.6
1026,3.8
1027,4.2
1028,3.6
1029,3.5
1030,3.6
1031,3.1
1032,3.5
1033,2.9
1034,1.9
1035,3.0
1036,2.6
1037,2.1
1038,1.6
1039,2.4
1040,2.6
1041,3.5
1042,3.4
1043,3.1
1044,4.1
1045,3.4
1046,3.2
1047,2.8
1048,2.5
1049,3.1
1050,2.9
1051,3.6
1052,4.1
1053,4.0
1054,3.9
1055,3.6
1056,3.8
1057,3.7
1058,3.6
1059,3.5
1060,2.7
1061,2.8
1062,3.0
1063,3.2
1064,2.6
1065,2.6
1066,3.5
1067,3.1
1068,2.6
1069,2.6
1070,3.1
1071,3.9
1072,4.4
1073,4.7
1074,2.9
1075,3.3
1076,3.9
1077,3.5
1078,4.3
1079,3.6
1080,3.3
1081,4.2
1082,3.8
1083,3.9
1084,4.0
1085,3.7
1086,3.9
1087,2.5
1088,4.0
1089,2.3
1090,3.9
1091,3.2
1092,3.3
1093,3.4
1094,3.7
1095,3.3
1096,2.2
1097,2.4
1098,2.7
1099,1.5
1100,1.0
1101,4.0
1102,4.6
1103,3.3
1104,4.8
1105,3.5
1106,3.6
1107,3.4
1108,3.6
1109,3.6
1110,3.0
1111,3.5
1112,4.2
1113,3.5
1114,3.4
1115,3.7
1116,3.6
1117,3.7
1118,3.6
1119,4.4
1120,3.6
1121,4.0
1122,4.1
1123,3.9
1124,3.5
1125,3.4
1126,3.6
1127,4.0
1128,3.6
1129,3.6
1130,1.6
1131,3.6
1132,3.5
1133,3.8
1134,3.9
1135,3.4
1136,3.3
1137,3.6
1138,3.7
1139,3.7
1140,2.0
1141,3.7
1142,4.3
1143,3.5
1144,4.7
1145,4.6
1146,3.9
1147,3.7
1148,3.3
1149,3.5
1150,3.9
1151,3.5
1152,4.0
1153,3.1
1154,2.8
1155,2.9
1156,3.1
1157,2.6
1158,3.1
1159,3.0
1160,2.7
1161,4.1
1162,4.7
1163,4.0
1164,4.1
1165,4.4
1166,4.2
1167,3.8
1168,2.3
1169,3.3
1170,3.4
1171,5.0
1172,5.0
1173,5.0
1174,4.8
1175,4.5
1176,4.8
1177,5.0
1178,4.6
1179,5.0
1180,4.1
1181,4.6
1182,4.0
1183,3.8
1184,4.4
1185,4.1
1186,4.2
1187,4.2
1188,2.9
1189,4.3
1190,4.3
1191,3.7
1192,3.6
1193,3.1
1194,2.8
1195,3.7
1196,3.8
1197,3.8
1198,3.3
1199,2.8
1200,3.3
1201,4.1
1202,4.1
1203,3.4
1204,3.1
1205,4.2
1206,3.1
1207,3.2
1208,3.9
1209,3.9
1210,3.5
1211,4.4
1212,3.4
1213,4.0
1214,4.0
1215,4.7
1216,4.5
1217,4.5
1218,4.1
1219,3.6
1220,4.1
1221,3.7
1222,3.4
1223,4.1
1224,4.4
1225,4.2
1226,4.1
1227,4.3
1228,3.9
1229,4.2
1230,4.3
1231,3.5
1232,3.9
1233,3.8
1234,3.8
1235,3.7
1236,3.6
1237,3.0
1238,3.5
1239,3.2
1240,3.6
1241,2.8
1242,3.3
1243,3.6
1244,4.1
1245,2.1
1246,4.7
1247,3.1
1248,4.0
1249,3.9
1250,1.0
1251,3.5
1252,3.5
1253,4.0
1254,2.9
1255,3.8
1256,3.4
1257,3.7
1258,3.4
1259,3.5
1260,3.3
1261,4.3
1262,3.7
1263,3.6
1264,4.4
1265,3.8
1266,4.0
1267,4.6
1268,4.3
1269,3.6
1270,4.4
1271,3.6
1272,4.2
1273,3.8
1274,4.1
1275,3.3
1276,4.1
1277,4.0
1278,3.9
1279,4.5
1280,3.1
1281,3.6
1282,2.4
1283,3.4
1284,3.4
1285,2.5
1286,3.0
1287,2.6
1288,1.9
1289,1.5
1290,2.6
1291,3.2
1292,4.2
1293,4.6
1294,3.5
1295,3.9
1296,3.6
1297,3.2
1298,3.7
1299,2.2
1300,3.5
1301,4.4
1302,4.8
1303,4.6
1304,4.2
1305,4.4
1306,4.7
1307,5.0
1308,4.8
1309,4.1
1310,3.6
1311,4.1
1312,4.1
1313,3.6
1314,4.1
1315,3.5
1316,3.8
1317,3.5
1318,3.6
1319,3.9
1320,3.4
1321,3.5
1322,2.6
1323,4.0
1324,2.9
1325,3.0
1326,2.6
1327,3.7
1328,2.8
1329,3.2
1330,3.2
1331,4.0
1332,2.9
1333,2.9
1334,4.5
1335,5.0
1336,3.1
1337,3.2
1338,2.5
1339,3.8
1340,3.5
1341,4.2
1342,3.6
1343,3.2
1344,2.8
1345,3.4
1346,2.8
1347,3.4
1348,2.8
1349,2.7
1350,2.3
1351,4.8
1352,4.8
1353,4.7
1354,4.0
1355,4.4
1356,3.9
1357,4.7
1358,3.7
1359,4.5
1360,4.9
1361,4.8
1362,4.4
1363,4.7
1364,5.0
1365,4.0
1366,3.1
1367,4.5
1368,4.7
1369,4.2
1370,3.7
1371,4.0
1372,3.8
1373,4.0
1374,4.4
1375,4.9
1376,4.5
1377,4.4
1378,4.6
1379,4.2
1380,4.5
1381,4.5
1382,4.1
1383,4.2
1384,4.1
1385,3.8
1386,3.8
1387,4.1
1388,3.6
1389,4.1
1390,3.9
1391,3.9
1392,3.9
1393,3.4
1394,3.6
1395,3.7
1396,3.2
1397,2.8
1398,3.4
1399,3.5
1400,3.4
1401,4.3
1402,4.2
1403,3.8
1404,3.7
1405,3.7
1406,4.0
1407,3.7
1408,3.2
1409,2.8
1410,3.6
1411,4.1
1412,4.0
1413,4.5
1414,4.5
1415,4.1
1416,3.9
1417,2.0
1418,2.7
1419,2.8
1420,3.0
1421,4.4
1422,4.5
1423,3.2
1424,2.9
1425,3.8
1426,3.6
1427,4.2
1428,3.3
1429,3.6
1430,2.3
1431,4.0
1432,2.8
1433,3.6
1434,4.0
1435,3.8
1436,3.4
1437,3.9
1438,4.0
1439,3.6
1440,2.3
1441,3.6
1442,4.8
1443,4.1
1444,3.7
1445,3.5
1446,2.8
1447,2.7
1448,2.8
1449,3.0
1450,3.0
1451,3.8
1452,3.8
1453,4.5
1454,3.8
1455,4.4
1456,4.1
1457,3.8
1458,2.3
1459,3.6
1460,3.7
1461,4.3
1462,4.7
1463,4.7
1464,4.2
1465,3.7
1466,4.2
1467,4.3
1468,4.2
1469,3.8
1470,3.7
1471,4.1
1472,3.8
1473,4.8
1474,3.7
1475,4.4
1476,4.4
1477,4.3
1478,5.0
1479,3.5
1480,4.5
1481,3.8
1482,2.7
1483,3.2
1484,2.5
1485,3.3
1486,2.3
1487,3.1
1488,2.6
1489,2.6
1490,3.9
1491,4.3
1492,3.7
1493,4.6
1494,3.7
1495,4.3
1496,4.7
1497,3.9
1498,4.3
1499,4.3
1500,3.3
1501,3.9
1502,4.5
1503,3.9
1504,3.9
1505,4.9
1506,3.7
1507,4.0
1508,4.2
1509,3.9
1510,3.0
1511,4.3
1512,4.9
1513,4.5
1514,4.8
1515,4.4
1516,5.0
1517,4.1
1518,2.5
1519,4.4
1520,3.6
1521,3.7
1522,3.5
1523,4.1
1524,3.5
1525,3.5
1526,3.8
1527,2.8
1528,2.5
1529,4.0
1530,2.3
1531,4.2
1532,4.2
1533,4.1
1534,3.8
1535,2.7
1536,4.3
1537,4.8
1538,4.1
1539,4.7
1540,3.6
1541,3.2
1542,2.2
1543,2.7
1544,2.7
1545,2.0
1546,2.6
1547,2.1
1548,2.3
1549,2.2
1550,1.3
1551,4.1
1552,3.5
1553,4.2
1554,3.8
1555,4.2
1556,3.8
1557,4.0
1558,3.7
1559,4.4
1560,4.2
1561,3.9
1562,4.5
1563,4.2
1564,4.4
1565,4.2
1566,3.3
1567,4.2
1568,3.7
1569,3.5
1570,3.6
1571,3.7
1572,3.4
1573,3.8
1574,4.4
1575,3.9
1576,4.5
1577,3.3
1578,3.7
1579,3.8
1580,4.2
1581,4.0
1582,4.0
1583,3.1
1584,3.1
1585,3.4
1586,4.2
1587,3.9
1588,3.6
1589,3.6
1590,2.7
1591,5.0
1592,3.4
1593,4.8
1594,4.1
1595,4.5
1596,4.3
1597,4.3
1598,3.5
1599,3.8
1600,2.0
1601,2.7
1602,3.0
1603,3.2
1604,2.4
1605,3.2
1606,3.1
1607,2.5
1608,3.2
1609,2.2
1610,2.0
1611,3.6
1612,3.6
1613,3.9
1614,3.8
1615,3.7
1616,3.7
1617,3.5
1618,3.8
1619,4.4
1620,3.0
1621,3.3
1622,4.2
1623,3.6
1624,3.9
1625,3.7
1626,3.6
1627,2.9
1628,2.8
1629,4.0
1630,2.7
1631,4.6
1632,4.0
1633,4.1
1634,3.0
1635,3.8
1636,4.0
1637,3.9
1638,4.3
1639,4.3
1640,3.8
1641,4.4
1642,4.3
1643,4.4
1644,4.0
1645,3.6
1646,3.9
1647,2.9
1648,3.0
1649,4.3
1650,4.4
1651,3.7
1652,3.8
1653,3.9
1654,3.1
1655,3.1
1656,3.7
1657,3.4
1658,3.3
1659,3.4
1660,1.9
1661,4.7
1662,3.1
1663,2.0
1664,3.3
1665,4.0
1666,4.0
1667,4.8
1668,4.5
1669,3.7
1670,2.4
1671,2.9
1672,1.9
1673,4.0
1674,3.9
1675,3.2
1676,3.2
1677,3.1
1678,4.0
1679,3.4
1680,4.0
1681,4.1
1682,4.7
1683,4.9
1684,4.4
1685,3.0
1686,3.7
1687,3.6
1688,4.2
1689,4.5
1690,4.0
1691,3.6
1692,3.5
1693,3.7
1694,3.4
1695,3.5
1696,3.9
1697,3.9
1698,3.7
1699,3.2
1700,3.3
1701,3.0
1702,3.3
1703,3.6
1704,3.6
1705,4.0
1706,3.8
1707,4.1
1708,3.2
1709,3.5
1710,2.8
1711,3.5
1712,2.8
1713,3.3
1714,3.5
1715,3.8
1716,3.9
1717,2.3
1718,3.8
1719,3.9
1720,3.1
1721,5.0
1722,3.6
1723,4.7
1724,3.8
1725,3.9
1726,4.4
1727,3.7
1728,3.6
1729,4.1
1730,4.0
1731,2.7
1732,2.7
1733,4.0
1734,4.6
1735,1.6
1736,2.3
1737,4.5
1738,3.8
1739,4.8
1740,3.4
1741,3.8
1742,3.7
1743,4.1
1744,4.4
1745,4.1
1746,4.2
1747,3.9
1748,4.3
1749,3.3
1750,1.5
1751,4.0
1752,4.5
1753,3.7
1754,3.1
1755,4.2
1756,4.0
1757,3.6
1758,3.8
1759,3.6
1760,3.1
1761,4.6
1762,3.6
1763,4.1
1764,4.0
1765,4.3
1766,1.6
1767,2.5
1768,3.2
1769,3.3
1770,3.5
1771,4.2
1772,3.4
1773,3.8
1774,3.8
1775,4.2
1776,3.4
1777,4.4
1778,3.5
1779,4.2
1780,3.7
1781,3.7
1782,2.5
1783,3.5
1784,3.8
1785,2.5
1786,2.3
1787,2.9
1788,3.7
1789,4.0
1790,3.3
1791,2.8
1792,3.8
1793,4.3
1794,4.0
1795,3.7
1796,4.2
1797,4.6
1798,3.4
1799,3.7
1800,4.0
1801,1.3
1802,1.9
1803,1.8
1804,2.4
1805,1.5
1806,1.0
1807,1.0
1808,1.5
1809,1.6
1810,1.4
1811,4.4
1812,4.1
1813,3.8
1814,4.8
1815,4.2
1816,3.8
1817,4.4
1818,3.7
1819,3.6
1820,3.2
1821,3.5
1822,3.7
1823,3.1
1824,3.6
1825,2.7
1826,2.9
1827,4.5
1828,3.0
1829,2.8
1830,2.5
1831,4.2
1832,3.8
1833,3.9
1834,4.2
1835,3.1
1836,3.7
1837,3.3
1838,2.5
1839,4.4
1840,3.9
1841,4.5
1842,4.3
1843,4.5
1844,4.5
1845,4.5
1846,3.9
1847,4.2
1848,3.6
1849,4.6
1850,3.7
1851,4.0
1852,2.9
1853,2.9
1854,3.4
1855,3.9
1856,3.7
1857,3.9
1858,3.8
1859,4.0
1860,2.7
1861,4.4
1862,4.9
1863,4.0
1864,4.2
1865,4.2
1866,4.4
1867,4.1
1868,4.5
1869,4.3
1870,3.8
1871,3.8
1872,4.1
1873,4.2
1874,4.2
1875,3.5
1876,3.6
1877,3.8
1878,4.3
1879,3.9
1880,3.2
1881,4.4
1882,4.3
1883,4.6
1884,4.3
1885,4.2
1886,4.1
1887,4.2
1888,3.3
1889,4.0
1890,3.2
1891,3.9
1892,3.5
1893,4.0
1894,4.0
1895,3.3
1896,3.0
1897,3.7
1898,3.5
1899,3.4
1900,2.6
1901,4.0
1902,3.6
1903,3.4
1904,4.4
1905,3.4
1906,4.5
1907,3.5
1908,3.4
1909,3.3
1910,4.2
1911,4.2
1912,2.7
1913,3.3
1914,4.2
1915,3.8
1916,3.0
1917,2.2
1918,2.6
1919,3.3
1920,3.6
1921,3.5
1922,1.8
1923,2.3
1924,4.2
1925,3.2
1926,2.7
1927,2.5
1928,3.2
1929,3.5
1930,2.9
1931,2.6
1932,2.8
1933,3.5
1934,3.9
1935,3.7
1936,2.7
1937,2.8
1938,3.2
1939,1.9
1940,2.9
1941,3.9
1942,4.1
1943,3.5
1944,3.8
1945,3.5
1946,3.5
1947,4.7
1948,3.5
1949,3.0
1950,2.0
1951,2.9
1952,3.5
1953,3.8
1954,4.1
1955,4.3
1956,4.0
1957,3.5
1958,3.2
1959,3.9
1960,3.9
1961,3.1
1962,4.2
1963,3.3
1964,4.1
1965,3.9
1966,2.8
1967,3.6
1968,4.3
1969,4.2
1970,1.4
1971,3.5
1972,3.4
1973,4.1
1974,2.4
1975,4.0
1976,3.9
1977,3.7
1978,3.4
1979,3.8
1980,3.1
1981,3.7
1982,4.0
1983,3.4
1984,3.6
1985,2.3
1986,2.1
1987,3.1
1988,3.0
1989,1.8
1990,1.4
1991,4.5
1992,4.9
1993,4.5
1994,4.0
1995,5.0
1996,3.7
1997,4.6
1998,4.5
1999,4.3
2000,3.3
2001,2.3
2002,3.8
2003,3.0
2004,3.8
2005,3.1
2006,3.0
2007,1.6
2008,3.5
2009,2.5
2010,2.8
2011,3.6
2012,3.2
2013,3.2
2014,2.8
2015,2.8
2016,2.3
2017,3.0
2018,2.8
2019,3.1
2020,2.8
2021,3.1
2022,3.8
2023,3.2
2024,4.1
2025,3.8
2026,3.1
2027,3.1
2028,3.3
2029,2.8
2030,3.6
2031,3.7
2032,4.2
2033,3.9
2034,3.4
2035,4.2
2036,3.9
2037,3.1
2038,4.1
2039,4.1
2040,2.6
2041,3.2
2042,3.1
2043,2.3
2044,2.8
2045,3.8
2046,3.5
2047,2.7
2048,3.1
2049,2.3
2050,2.2
2051,2.3
2052,3.7
2053,3.6
2054,1.5
2055,3.2
2056,1.4
2057,2.2
2058,2.0
2059,1.9
2060,2.0
2061,2.8
2062,3.4
2063,2.7
2064,3.3
2065,3.7
2066,4.4
2067,3.0
2068,3.4
2069,3.4
2070,3.5
2071,4.1
2072,4.2
2073,4.0
2074,4.2
2075,4.4
2076,3.8
2077,3.6
2078,3.4
2079,3.6
2080,3.7
2081,3.8
2082,4.1
2083,3.6
2084,3.8
2085,2.4
2086,2.6
2087,4.4
2088,1.8
2089,3.0
2090,3.1
2091,2.9
2092,4.2
2093,4.2
2094,4.4
2095,3.7
2096,4.3
2097,3.8
2098,4.9
2099,3.7
2100,4.6
2101,3.3
2102,3.7
2103,3.6
2104,2.0
2105,3.3
2106,3.9
2107,3.5
2108,3.6
2109,2.8
2110,2.0
2111,4.2
2112,4.7
2113,4.6
2114,4.6
2115,3.9
2116,4.4
2117,4.7
2118,4.5
2119,4.6
2120,4.4
2121,4.0
2122,4.4
2123,4.9
2124,4.9
2125,4.8
2126,3.7
2127,4.3
2128,3.6
2129,4.9
2130,4.0
2131,3.4
2132,4.2
2133,4.2
2134,4.0
2135,4.1
2136,4.4
2137,4.1
2138,4.2
2139,3.2
2140,4.0
2141,3.9
2142,3.7
2143,3.8
2144,3.7
2145,4.1
2146,4.1
2147,3.9
2148,3.4
2149,3.9
2150,3.9
2151,4.2
2152,3.9
2153,3.7
2154,4.5
2155,4.6
2156,3.9
2157,4.2
2158,4.1
2159,3.5
2160,3.5
2161,2.9
2162,3.5
2163,3.8
2164,3.4
2165,3.0
2166,3.0
2167,3.6
2168,2.9
2169,3.2
2170,2.6
2171,3.2
2172,4.0
2173,3.6
2174,3.9
2175,3.6
2176,3.3
2177,3.8
2178,3.6
2179,4.0
2180,2.9
2181,4.1
2182,3.8
2183,4.6
2184,4.4
2185,5.0
2186,4.2
2187,3.7
2188,3.1
2189,3.7
2190,3.9
2191,4.2
2192,3.9
2193,4.1
2194,3.7
2195,4.0
2196,4.3
2197,2.8
2198,4.0
2199,3.4
2200,3.2
2201,4.3
2202,3.6
2203,3.6
2204,4.2
2205,4.4
2206,3.5
2207,4.2
2208,4.3
2209,3.4
2210,1.8
2211,3.4
2212,3.7
2213,3.3
2214,3.4
2215,2.8
2216,3.1
2217,3.0
2218,3.2
2219,3.0
2220,3.3
2221,3.5
2222,3.6
2223,3.5
2224,4.0
2225,2.7
2226,3.9
2227,3.3
2228,2.2
2229,2.6
2230,2.2
2231,2.8
2232,2.6
2233,4.3
2234,3.9
2235,3.5
2236,3.6
2237,3.1
2238,2.1
2239,2.6
2240,2.9
2241,5.0
2242,4.7
2243,4.6
2244,5.0
2245,4.8
2246,4.5
2247,4.4
2248,5.0
2249,4.4
2250,4.3
2251,3.8
2252,3.5
2253,3.9
2254,3.9
2255,4.6
2256,4.0
2257,3.9
2258,4.0
2259,4.0
2260,4.3
2261,4.4
2262,4.1
2263,3.1
2264,3.7
2265,3.3
2266,4.1
2267,4.3
2268,3.8
2269,3.0
2270,2.6
2271,4.1
2272,3.6
2273,2.5
2274,3.9
2275,4.0
2276,1.9
2277,2.9
2278,3.9
2279,3.6
2280,3.1
2281,2.8
2282,3.7
2283,3.1
2284,3.8
2285,2.6
2286,3.2
2287,2.5
2288,2.7
2289,3.4
2290,2.6
2291,2.6
2292,4.2
2293,4.1
2294,4.3
2295,4.8
2296,4.6
2297,3.1
2298,4.1
2299,4.4
2300,2.9
2301,3.3
2302,4.3
2303,4.3
2304,3.9
2305,3.9
2306,3.1
2307,3.5
2308,3.3
2309,3.3
2310,3.4
2311,3.7
2312,4.2
2313,3.9
2314,4.0
2315,4.1
2316,4.3
2317,4.2
2318,4.5
2319,3.3
2320,4.0
2321,4.7
2322,4.4
2323,4.3
2324,4.3
2325,4.5
2326,4.8
2327,2.4
2328,4.7
2329,4.2
2330,4.6
2331,2.7
2332,3.5
2333,2.5
2334,4.1
2335,2.4
2336,3.4
2337,3.6
2338,2.3
2339,3.7
2340,3.3
2341,3.9
2342,4.2
2343,4.6
2344,3.1
2345,3.8
2346,4.6
2347,4.6
2348,4.7
2349,4.2
2350,2.4
2351,4.0
2352,3.8
2353,4.0
2354,3.3
2355,3.7
2356,3.9
2357,3.9
2358,3.7
2359,3.8
2360,3.5
2361,4.1
2362,4.1
2363,4.2
2364,4.3
2365,4.0
2366,4.1
2367,4.1
2368,4.1
2369,4.3
2370,3.2
2371,3.5
2372,3.3
2373,4.1
2374,3.2
2375,2.7
2376,3.6
2377,2.9
2378,3.0
2379,3.0
2380,2.9
2381,4.8
2382,5.0
2383,3.3
2384,3.8
2385,3.6
2386,4.0
2387,3.7
2388,4.8
2389,4.6
2390,4.2
2391,4.7
2392,3.9
2393,3.1
2394,3.6
2395,3.5
2396,4.8
2397,2.4
2398,3.3
2399,3.0
2400,3.0
2401,3.7
2402,3.1
2403,3.1
2404,4.4
2405,3.2
2406,2.8
2407,3.4
2408,4.0
2409,3.2
2410,3.5
2411,4.7
2412,4.5
2413,4.3
2414,4.1
2415,4.7
2416,4.1
2417,3.9
2418,4.8
2419,4.0
2420,2.6
2421,3.4
2422,3.6
2423,3.7
2424,3.6
2425,3.7
2426,4.1
2427,3.1
2428,4.2
2429,3.7
2430,4.0
2431,3.5
2432,3.9
2433,4.0
2434,3.8
2435,4.1
2436,3.4
2437,3.8
2438,4.3
2439,2.9
2440,3.2
2441,2.7
2442,4.0
2443,3.2
2444,2.3
2445,3.8
2446,3.7
2447,2.7
2448,3.0
2449,2.7
2450,3.5
2451,2.4
2452,4.2
2453,3.0
2454,2.0
2455,2.5
2456,3.8
2457,2.6
2458,2.6
2459,3.5
2460,4.0
2461,4.0
2462,4.6
2463,3.7
2464,3.8
2465,4.4
2466,4.1
2467,3.5
2468,4.5
2469,4.2
2470,3.6
2471,3.3
2472,4.1
2473,4.2
2474,3.8
2475,3.7
2476,3.6
2477,3.2
2478,3.7
2479,4.2
2480,3.8
2481,4.2
2482,3.5
2483,4.4
2484,3.7
2485,3.9
2486,3.3
2487,4.3
2488,3.5
2489,4.1
2490,3.0
2491,4.0
2492,3.4
2493,4.4
2494,3.8
2495,4.3
2496,3.0
2497,2.8
2498,3.9
2499,4.5
2500,3.4
2501,4.2
2502,4.6
2503,3.6
2504,3.5
2505,4.9
2506,3.1
2507,4.1
2508,4.0
2509,3.0
2510,3.1
2511,4.8
2512,4.8
2513,5.0
2514,4.9
2515,4.8
2516,4.9
2517,4.4
2518,4.7
2519,4.1
2520,4.6
2521,4.5
2522,4.5
2523,4.0
2524,3.8
2525,4.5
2526,2.7
2527,3.8
2528,4.4
2529,3.8
2530,3.7
2531,3.9
2532,3.6
2533,2.7
2534,3.1
2535,3.5
2536,3.6
2537,4.1
2538,2.8
2539,3.4
2540,2.4
2541,4.0
2542,2.7
2543,3.1
2544,3.3
2545,1.6
2546,1.8
2547,2.0
2548,1.9
2549,1.7
2550,1.1
2551,4.3
2552,4.3
2553,4.3
2554,4.2
2555,3.3
2556,4.1
2557,4.4
2558,4.1
2559,3.9
2560,3.5
2561,4.8
2562,4.3
2563,4.1
2564,3.9
2565,4.3
2566,3.3
2567,4.2
2568,3.7
2569,4.0
2570,3.6
2571,3.0
2572,3.7
2573,4.2
2574,4.0
2575,4.8
2576,4.4
2577,3.3
2578,3.8
2579,3.4
2580,3.2
2581,3.9
2582,4.6
2583,4.2
2584,3.3
2585,4.2
2586,3.5
2587,4.0
2588,3.7
2589,3.0
2590,4.1
2591,5.0
2592,4.2
2593,4.2
2594,3.9
2595,3.7
2596,4.4
2597,3.3
2598,4.4
2599,3.6
2600,3.7
2601,4.7
2602,4.1
2603,3.8
2604,4.2
2605,3.7
2606,3.8
2607,4.2
2608,4.2
2609,3.2
2610,3.9
2611,3.6
2612,3.9
2613,3.4
2614,3.9
2615,2.7
2616,3.4
2617,3.6
2618,2.8
2619,2.3
2620,3.6
2621,4.0
2622,3.6
2623,4.0
2624,4.8
2625,4.1
2626,4.4
2627,4.6
2628,4.1
2629,4.1
2630,4.2
2631,3.9
2632,4.3
2633,4.6
2634,3.7
2635,4.0
2636,4.7
2637,4.6
2638,4.7
2639,4.3
2640,4.3
2641,3.7
2642,4.0
2643,4.0
2644,4.7
2645,3.0
2646,4.0
2647,3.2
2648,3.9
2649,3.4
2650,4.1
2651,3.1
2652,3.7
2653,3.2
2654,3.7
2655,3.4
2656,3.9
2657,3.7
2658,3.1
2659,2.9
2660,2.7
2661,3.8
2662,3.4
2663,4.8
2664,3.0
2665,4.1
2666,3.9
2667,4.3
2668,4.5
2669,3.2
2670,4.0
2671,2.7
2672,2.5
2673,2.0
2674,3.0
2675,2.9
2676,2.3
2677,3.4
2678,2.5
2679,1.8
2680,2.4
2681,2.2
2682,4.6
2683,3.4
2684,2.3
2685,3.7
2686,2.8
2687,4.1
2688,4.0
2689,4.4
2690,2.1
2691,4.4
2692,5.0
2693,4.4
2694,5.0
2695,3.7
2696,3.3
2697,4.8
2698,4.6
2699,4.7
2700,4.8
2701,4.1
2702,3.4
2703,4.3
2704,4.4
2705,4.2
2706,3.4
2707,3.9
2708,4.3
2709,3.7
2710,2.2
2711,4.3
2712,4.4
2713,4.9
2714,4.6
2715,4.7
2716,4.8
2717,4.8
2718,4.4
2719,4.6
2720,2.9
2721,3.5
2722,3.4
2723,3.6
2724,3.1
2725,3.1
2726,3.1
2727,3.4
2728,3.2
2729,3.4
2730,3.6
2731,4.2
2732,5.0
2733,3.6
2734,4.7
2735,3.9
2736,3.8
2737,3.6
2738,4.7
2739,3.4
2740,3.9
2741,3.5
2742,3.6
2743,3.6
2744,3.6
2745,3.0
2746,3.2
2747,2.7
2748,2.6
2749,2.9
2750,2.2
2751,3.3
2752,2.4
2753,3.3
2754,4.2
2755,2.5
2756,2.4
2757,2.3
2758,3.1
2759,3.9
2760,2.6
2761,3.9
2762,3.2
2763,3.6
2764,3.1
2765,3.7
2766,3.5
2767,3.2
2768,3.7
2769,3.1
2770,3.7
2771,5.0
2772,5.0
2773,4.8
2774,4.3
2775,3.8
2776,4.3
2777,4.0
2778,3.9
2779,4.3
2780,4.9
2781,4.2
2782,2.9
2783,3.5
2784,2.5
2785,2.5
2786,1.7
2787,2.7
2788,4.6
2789,2.0
2790,3.7
2791,4.0
2792,4.0
2793,4.1
2794,3.4
2795,3.8
2796,3.1
2797,4.0
2798,2.9
2799,4.0
2800,3.3
2801,3.8
2802,3.6
2803,3.0
2804,3.4
2805,3.0
2806,3.6
2807,3.0
2808,2.7
2809,3.2
2810,2.4
2811,3.6
2812,3.9
2813,3.4
2814,3.3
2815,2.8
2816,4.2
2817,3.6
2818,3.0
2819,3.6
2820,2.7
2821,4.1
2822,4.6
2823,4.2
2824,4.6
2825,4.8
2826,4.6
2827,4.1
2828,3.9
2829,3.9
2830,3.3
2831,3.9
2832,2.9
2833,4.2
2834,3.6
2835,3.9
2836,4.3
2837,3.2
2838,3.1
2839,2.8
2840,3.6
2841,3.9
2842,3.5
2843,4.3
2844,4.2
2845,4.0
2846,3.7
2847,3.8
2848,4.2
2849,3.7
2850,3.8
2851,3.8
2852,4.1
2853,3.8
2854,3.8
2855,4.4
2856,3.5
2857,3.2
2858,3.9
2859,3.5
2860,3.6
2861,4.3
2862,4.5
2863,4.8
2864,3.9
2865,3.4
2866,4.4
2867,3.5
2868,4.2
2869,4.2
2870,3.3
2871,4.4
2872,4.5
2873,4.3
2874,3.9
2875,4.3
2876,3.6
2877,4.4
2878,3.6
2879,3.3
2880,4.3
2881,3.0
2882,3.1
2883,2.9
2884,3.3
2885,2.8
2886,1.9
2887,2.6
2888,2.4
2889,2.7
2890,2.9
2891,4.1
2892,3.9
2893,3.7
2894,3.7
2895,3.9
2896,3.8
2897,3.7
2898,3.7
2899,3.6
2900,3.8
2901,3.9
2902,3.2
2903,3.2
2904,4.7
2905,3.1
2906,3.9
2907,4.1
2908,3.6
2909,3.4
2910,2.5
2911,4.5
2912,4.3
2913,4.5
2914,4.7
2915,4.4
2916,4.4
2917,3.4
2918,4.7
2919,4.6
2920,4.7
2921,2.3
2922,4.3
2923,4.3
2924,2.8
2925,2.5
2926,3.8
2927,2.6
2928,2.4
2929,3.4
2930,2.7
2931,3.8
2932,4.9
2933,3.7
2934,3.9
2935,4.2
2936,3.2
2937,2.6
2938,2.2
2939,2.9
2940,3.3
2941,4.2
2942,4.0
2943,4.4
2944,5.0
2945,4.7
2946,4.0
2947,3.7
2948,3.8
2949,3.8
2950,4.4
2951,4.3
2952,3.7
2953,4.1
2954,4.7
2955,3.7
2956,4.3
2957,4.5
2958,3.8
2959,5.0
2960,4.1
2961,3.3
2962,4.1
2963,3.1
2964,4.1
2965,3.8
2966,3.0
2967,3.7
2968,4.0
2969,3.9
2970,2.7
2971,3.7
2972,3.9
2973,4.4
2974,3.3
2975,3.6
2976,4.2
2977,4.2
2978,4.1
2979,3.7
2980,3.0
2981,3.8
2982,3.1
2983,4.3
2984,3.3
2985,2.9
2986,3.8
2987,3.7
2988,2.2
2989,3.2
2990,3.5
2991,4.6
2992,2.9
2993,4.1
2994,3.3
2995,3.6
2996,3.7
2997,2.6
2998,3.6
2999,3.2
3000,2.6
3001,3.7
3002,3.9
3003,4.1
3004,4.1
3005,4.0
3006,3.6
3007,3.0
3008,3.0
3009,3.4
3010,3.1
3011,2.3
3012,3.0
3013,3.1
3014,3.0
3015,3.1
3016,2.0
3017,2.1
3018,2.2
3019,2.4
3020,2.4
3021,4.3
3022,4.9
3023,3.2
3024,4.5
3025,2.4
3026,4.5
3027,2.5
3028,2.9
3029,3.9
3030,4.0
3031,4.0
3032,2.7
3033,3.0
3034,3.4
3035,3.5
3036,3.7
3037,3.1
3038,2.4
3039,3.1
3040,2.9
3041,3.2
3042,3.1
3043,2.8
3044,3.5
3045,3.9
3046,2.9
3047,3.1
3048,4.1
3049,3.9
3050,3.9
3051,4.3
3052,3.0
3053,4.1
3054,4.2
3055,3.6
3056,4.0
3057,3.5
3058,2.9
3059,2.9
3060,2.9
3061,4.7
3062,3.2
3063,4.3
3064,4.5
3065,4.0
3066,3.9
3067,3.7
3068,2.6
3069,3.2
3070,4.4
3071,4.0
3072,4.1
3073,3.9
3074,4.4
3075,3.7
3076,2.9
3077,4.1
3078,4.2
3079,3.7
3080,3.4
3081,4.1
3082,4.2
3083,3.8
3084,4.3
3085,3.6
3086,3.8
3087,4.0
3088,4.3
3089,3.7
3090,2.7
3091,4.4
3092,3.8
3093,4.5
3094,4.0
3095,3.8
3096,3.5
3097,3.6
3098,3.1
3099,3.0
3100,3.5
3101,3.8
3102,4.4
3103,4.1
3104,3.7
3105,3.3
3106,3.9
3107,3.5
3108,4.0
3109,3.8
3110,3.6
3111,4.4
3112,4.7
3113,3.7
3114,4.6
3115,4.2
3116,4.6
3117,3.6
3118,4.6
3119,4.1
3120,4.5
3121,4.0
3122,3.9
3123,3.8
3124,3.6
3125,4.0
3126,3.6
3127,4.3
3128,3.5
3129,3.5
3130,4.3
3131,4.8
3132,4.8
3133,2.5
3134,3.7
3135,3.8
3136,4.7
3137,3.0
3138,2.4
3139,2.5
3140,3.4
3141,4.3
3142,3.9
3143,3.3
3144,4.6
3145,4.6
3146,3.6
3147,4.2
3148,3.4
3149,4.3
3150,4.7
3151,2.6
3152,3.5
3153,4.6
3154,4.6
3155,3.6
3156,4.2
3157,3.3
3158,3.4
3159,3.6
3160,4.1
3161,3.5
3162,4.3
3163,3.7
3164,4.0
3165,3.2
3166,3.6
3167,3.6
3168,4.0
3169,3.3
3170,3.1
3171,4.4
3172,4.7
3173,3.8
3174,3.6
3175,4.2
3176,3.6
3177,3.9
3178,4.4
3179,4.4
3180,3.1
3181,2.9
3182,3.7
3183,4.0
3184,3.4
3185,4.2
3186,3.6
3187,2.8
3188,3.3
3189,3.3
3190,2.8
3191,4.3
3192,4.1
3193,3.7
3194,4.3
3195,4.2
3196,4.0
3197,3.5
3198,3.6
3199,3.7
3200,3.5
3201,3.9
3202,4.1
3203,3.9
3204,3.9
3205,3.4
3206,4.1
3207,3.6
3208,3.7
3209,4.1
3210,3.6
3211,3.9
3212,4.5
3213,4.3
3214,4.1
3215,4.5
3216,4.5
3217,4.7
3218,4.6
3219,4.3
3220,3.8
3221,3.8
3222,4.0
3223,4.5
3224,3.5
3225,4.8
3226,4.2
3227,3.9
3228,3.8
3229,3.4
3230,2.9
3231,5.0
3232,4.6
3233,4.9
3234,4.3
3235,4.6
3236,4.1
3237,4.1
3238,3.8
3239,3.6
3240,2.9
3241,3.8
3242,4.0
3243,2.1
3244,2.5
3245,3.7
3246,3.5
3247,3.7
3248,3.9
3249,4.2
3250,4.4
3251,4.0
3252,4.0
3253,3.8
3254,3.4
3255,3.5
3256,3.4
3257,3.7
3258,3.7
3259,3.8
3260,4.3
3261,4.1
3262,4.1
3263,3.2
3264,2.7
3265,2.9
3266,2.5
3267,3.4
3268,3.5
3269,2.8
3270,3.4
3271,3.8
3272,3.6
3273,2.5
3274,4.1
3275,3.6
3276,3.9
3277,3.6
3278,3.6
3279,3.8
3280,3.3
3281,3.8
3282,4.2
3283,4.0
3284,3.4
3285,3.4
3286,3.6
3287,2.7
3288,3.6
3289,4.1
3290,3.3
3291,4.3
3292,4.6
3293,4.7
3294,5.0
3295,4.7
3296,3.2
3297,4.0
3298,4.5
3299,4.4
3300,4.2
3301,4.1
3302,3.3
3303,3.5
3304,3.7
3305,3.7
3306,4.2
3307,2.9
3308,4.0
3309,3.4
3310,3.0
3311,4.8
3312,3.9
3313,4.2
3314,4.4
3315,3.8
3316,3.7
3317,4.3
3318,4.5
3319,3.5
3320,4.1
3321,3.4
3322,4.5
3323,3.7
3324,4.4
3325,4.1
3326,3.4
3327,4.1
3328,3.6
3329,3.2
3330,1.8
3331,3.9
3332,3.9
3333,3.2
3334,3.2
3335,4.1
3336,2.9
3337,3.0
3338,4.4
3339,3.3
3340,2.9
3341,3.3
3342,3.3
3343,4.1
3344,3.6
3345,3.3
3346,3.7
3347,3.3
3348,3.6
3349,3.7
3350,3.0
3351,3.5
3352,2.9
3353,3.3
3354,4.0
3355,1.6
3356,3.4
3357,1.6
3358,1.6
3359,2.8
3360,2.6
3361,3.1
3362,4.2
3363,3.5
3364,4.3
3365,3.0
3366,4.4
3367,4.0
3368,4.0
3369,4.3
3370,3.7
3371,4.8
3372,3.6
3373,4.4
3374,3.2
3375,4.1
3376,3.1
3377,4.3
3378,4.5
3379,4.2
3380,3.7
3381,4.7
3382,4.2
3383,4.4
3384,4.1
3385,4.4
3386,3.3
3387,4.3
3388,4.5
3389,4.8
3390,2.2
3391,4.2
3392,4.5
3393,4.3
3394,4.5
3395,4.7
3396,4.0
3397,4.3
3398,4.0
3399,3.9
3400,3.3
3401,4.2
3402,4.5
3403,3.9
3404,3.5
3405,3.6
3406,3.7
3407,3.8
3408,4.2
3409,3.2
3410,2.5
3411,4.2
3412,2.9
3413,3.1
3414,4.2
3415,2.6
3416,3.1
3417,2.6
3418,4.1
3419,4.0
3420,1.7
3421,3.9
3422,4.3
3423,4.4
3424,3.5
3425,4.7
3426,3.9
3427,3.9
3428,3.1
3429,3.4
3430,3.2
3431,3.4
3432,4.0
3433,4.0
3434,3.9
3435,3.8
3436,2.8
3437,3.9
3438,4.1
3439,4.6
3440,2.7
3441,4.5
3442,3.6
3443,4.5
3444,4.1
3445,3.5
3446,3.5
3447,4.6
3448,3.9
3449,3.2
3450,3.4
3451,3.2
3452,3.4
3453,3.4
3454,3.7
3455,3.3
3456,3.1
3457,3.3
3458,2.7
3459,3.5
3460,3.0
3461,4.6
3462,4.7
3463,5.0
3464,4.3
3465,3.7
3466,2.8
3467,2.8
3468,3.1
3469,3.2
3470,2.7
3471,4.5
3472,4.3
3473,3.2
3474,4.3
3475,3.5
3476,4.2
3477,4.3
3478,4.5
3479,3.4
3480,3.8
3481,2.2
3482,3.4
3483,2.4
3484,2.9
3485,2.5
3486,3.2
3487,4.4
3488,4.0
3489,2.7
3490,4.2
3491,4.0
3492,4.2
3493,4.5
3494,4.5
3495,4.1
3496,3.6
3497,4.3
3498,4.6
3499,4.5
3500,4.9
3501,4.7
3502,4.9
3503,3.9
3504,4.6
3505,4.6
3506,3.7
3507,4.5
3508,3.9
3509,4.1
3510,4.4
3511,3.5
3512,3.5
3513,3.7
3514,4.3
3515,4.1
3516,4.1
3517,4.3
3518,4.2
3519,4.4
3520,3.0
3521,3.8
3522,2.3
3523,4.3
3524,3.4
3525,3.7
3526,4.0
3527,3.2
3528,3.2
3529,3.1
3530,3.2
3531,4.1
3532,3.7
3533,3.7
3534,4.5
3535,3.1
3536,3.9
3537,3.8
3538,4.2
3539,4.2
3540,4.4
3541,5.0
3542,3.7
3543,4.6
3544,4.3
3545,4.7
3546,3.3
3547,3.2
3548,4.0
3549,4.0
3550,4.0
3551,4.2
3552,3.6
3553,4.2
3554,3.1
3555,3.3
3556,3.6
3557,2.9
3558,3.1
3559,2.5
3560,3.5
3561,4.6
3562,4.9
3563,3.6
3564,4.8
3565,4.3
3566,4.4
3567,4.3
3568,4.8
3569,4.3
3570,4.0
3571,4.6
3572,3.8
3573,3.6
3574,4.1
3575,4.0
3576,3.8
3577,3.9
3578,4.2
3579,3.8
3580,4.2
3581,3.9
3582,4.2
3583,4.0
3584,4.1
3585,4.2
3586,3.8
3587,4.7
3588,3.8
3589,3.9
3590,2.8
3591,4.6
3592,4.5
3593,4.7
3594,3.5
3595,3.2
3596,4.2
3597,4.2
3598,2.4
3599,3.8
3600,4.5
3601,3.5
3602,2.9
3603,3.2
3604,4.1
3605,3.2
3606,4.4
3607,3.8
3608,3.8
3609,3.4
3610,2.9
3611,4.0
3612,3.5
3613,3.1
3614,3.3
3615,4.1
3616,3.7
3617,2.9
3618,3.7
3619,3.5
3620,2.5
3621,2.9
3622,2.6
3623,3.4
3624,3.9
3625,2.3
3626,2.8
3627,3.0
3628,3.2
3629,3.2
3630,3.1
3631,3.7
3632,4.0
3633,3.6
3634,3.0
3635,3.2
3636,3.5
3637,3.4
3638,3.0
3639,2.3
3640,3.0
3641,3.7
3642,3.3
3643,4.0
3644,3.8
3645,3.6
3646,3.3
3647,3.8
3648,1.4
3649,2.4
3650,3.2
3651,4.5
3652,4.8
3653,4.4
3654,4.8
3655,4.4
3656,4.2
3657,4.3
3658,4.0
3659,4.7
3660,3.7
3661,4.3
3662,4.7
3663,4.5
3664,4.5
3665,4.5
3666,3.7
3667,4.1
3668,3.7
3669,3.9
3670,4.3
3671,4.1
3672,4.2
3673,3.7
3674,3.4
3675,2.9
3676,2.4
3677,3.7
3678,2.7
3679,3.1
3680,3.1
3681,5.0
3682,4.8
3683,4.8
3684,4.7
3685,5.0
3686,4.6
3687,3.1
3688,3.6
3689,2.8
3690,2.8
3691,4.1
3692,3.4
3693,3.9
3694,4.1
3695,3.6
3696,3.9
3697,3.7
3698,3.5
3699,4.4
3700,4.0
3701,3.7
3702,4.1
3703,4.2
3704,4.8
3705,3.8
3706,4.3
3707,3.9
3708,4.0
3709,4.1
3710,4.0
3711,4.5
3712,4.7
3713,4.8
3714,4.5
3715,4.1
3716,3.9
3717,3.5
3718,3.7
3719,4.1
3720,2.7
3721,3.8
3722,3.6
3723,3.1
3724,3.3
3725,4.3
3726,2.5
3727,3.9
3728,4.0
3729,3.5
3730,3.3
3731,3.7
3732,3.8
3733,4.6
3734,2.9
3735,3.8
3736,3.2
3737,3.8
3738,3.4
3739,2.7
3740,2.9
3741,3.9
3742,4.2
3743,4.0
3744,3.6
3745,4.1
3746,3.8
3747,3.5
3748,4.2
3749,3.5
3750,4.4
3751,3.6
3752,4.4
3753,4.1
3754,3.6
3755,3.7
3756,3.3
3757,3.8
3758,2.8
3759,3.9
3760,3.4
3761,4.5
3762,4.3
3763,4.4
3764,4.4
3765,4.0
3766,3.2
3767,3.6
3768,4.1
3769,3.6
3770,3.9
3771,4.2
3772,3.7
3773,3.1
3774,3.7
3775,3.9
3776,3.4
3777,3.5
3778,2.5
3779,3.4
3780,3.1
3781,4.5
3782,4.3
3783,4.2
3784,3.1
3785,4.4
3786,2.8
3787,4.0
3788,3.3
3789,4.6
3790,4.1
3791,3.6
3792,3.2
3793,3.4
3794,3.0
3795,3.6
3796,3.1
3797,3.4
3798,3.5
3799,2.8
3800,4.1
3801,4.1
3802,3.9
3803,4.4
3804,4.1
3805,3.0
3806,3.8
3807,3.6
3808,4.2
3809,4.6
3810,2.8
3811,3.2
3812,3.5
3813,4.3
3814,4.0
3815,3.2
3816,3.0
3817,4.4
3818,4.3
3819,3.6
3820,3.0
3821,3.8
3822,3.6
3823,4.2
3824,3.8
3825,4.9
3826,4.5
3827,4.6
3828,4.9
3829,5.0
3830,4.6
3831,3.7
3832,5.0
3833,4.1
3834,3.7
3835,4.3
3836,3.3
3837,3.9
3838,3.9
3839,3.0
3840,3.4
3841,2.9
3842,2.1
3843,3.8
3844,4.0
3845,4.4
3846,3.0
3847,3.1
3848,3.8
3849,3.8
3850,4.7
3851,4.2
3852,4.6
3853,3.7
3854,4.1
3855,3.7
3856,3.9
3857,4.8
3858,3.5
3859,3.9
3860,3.8
3861,5.0
3862,3.3
3863,4.6
3864,4.2
3865,3.2
3866,3.4
3867,4.0
3868,3.6
3869,1.9
3870,3.1
3871,4.1
3872,4.5
3873,4.8
3874,4.5
3875,4.4
3876,4.2
3877,4.8
3878,4.1
3879,3.9
3880,3.1
3881,3.7
3882,3.2
3883,4.8
3884,3.7
3885,3.8
3886,3.6
3887,3.0
3888,4.1
3889,3.6
3890,3.6
3891,4.4
3892,4.0
3893,4.5
3894,3.9
3895,3.7
3896,3.3
3897,4.0
3898,3.9
3899,2.2
3900,3.4
3901,3.4
3902,3.4
3903,4.3
3904,4.5
3905,4.4
3906,3.9
3907,4.4
3908,2.6
3909,4.5
3910,4.0
3911,4.8
3912,4.6
3913,5.0
3914,4.0
3915,4.3
3916,4.2
3917,4.5
3918,3.3
3919,4.3
3920,4.1
3921,3.9
3922,3.6
3923,4.2
3924,3.7
3925,3.6
3926,3.7
3927,2.7
3928,3.6
3929,2.7
3930,3.4
3931,4.3
3932,3.3
3933,3.9
3934,3.8
3935,4.8
3936,3.9
3937,3.7
3938,4.2
3939,3.2
3940,3.4
3941,3.4
3942,4.0
3943,4.7
3944,4.7
3945,3.5
3946,4.4
3947,3.1
3948,4.3
3949,2.8
3950,3.6
3951,2.9
3952,3.7
3953,2.3
3954,3.5
3955,3.5
3956,3.1
3957,3.4
3958,2.7
3959,3.0
3960,2.8
3961,3.8
3962,3.4
3963,4.7
3964,4.5
3965,3.7
3966,2.1
3967,3.0
3968,1.7
3969,2.8
3970,3.5
3971,4.2
3972,4.5
3973,4.3
3974,4.2
3975,4.1
3976,3.3
3977,4.4
3978,3.5
3979,3.6
3980,3.5
3981,3.6
3982,2.9
3983,2.0
3984,2.6
3985,3.3
3986,3.7
3987,3.1
3988,3.5
3989,2.2
3990,2.6
3991,2.7
3992,3.7
3993,3.3
3994,3.5
3995,3.5
3996,2.8
3997,3.3
3998,3.1
3999,3.1
4000,3.4
4001,3.0
4002,2.8
4003,3.5
4004,2.4
4005,2.8
4006,3.8
4007,3.3
4008,3.6
4009,3.2
4010,3.2
4011,3.6
4012,3.2
4013,4.0
4014,4.2
4015,4.7
4016,4.6
4017,3.6
4018,3.9
4019,4.8
4020,3.2
4021,3.7
4022,4.0
4023,3.9
4024,3.6
4025,3.8
4026,4.4
4027,4.1
4028,3.3
4029,4.0
4030,3.5
4031,3.3
4032,3.3
4033,4.2
4034,3.4
4035,3.7
4036,3.9
4037,2.8
4038,2.3
4039,3.4
4040,2.6
4041,3.2
4042,1.7
4043,1.3
4044,2.0
4045,1.8
4046,1.8
4047,1.6
4048,1.6
4049,1.0
4050,1.8
4051,4.0
4052,4.0
4053,3.4
4054,4.2
4055,4.1
4056,3.8
4057,3.2
4058,3.6
4059,2.9
4060,4.0
4061,4.5
4062,3.7
4063,4.1
4064,4.0
4065,3.1
4066,2.6
4067,3.3
4068,3.7
4069,3.7
4070,2.6
4071,4.1
4072,3.9
4073,4.2
4074,3.8
4075,4.5
4076,3.4
4077,3.7
4078,2.5
4079,3.2
4080,3.3
4081,4.2
4082,4.3
4083,3.4
4084,3.8
4085,4.6
4086,3.9
4087,4.0
4088,3.0
4089,3.6
4090,3.3
4091,3.2
4092,2.6
4093,3.6
4094,2.7
4095,4.1
4096,3.4
4097,3.1
4098,2.9
4099,3.0
4100,2.7
4101,4.0
4102,4.3
4103,3.9
4104,4.0
4105,3.8
4106,3.3
4107,3.4
4108,4.2
4109,2.8
4110,2.5
4111,3.6
4112,4.3
4113,3.5
4114,4.3
4115,3.5
4116,4.1
4117,3.8
4118,4.6
4119,4.3
4120,3.8
4121,3.7
4122,4.4
4123,3.7
4124,3.4
4125,2.0
4126,2.5
4127,4.0
4128,3.4
4129,4.1
4130,3.6
4131,4.8
4132,4.3
4133,3.4
4134,3.2
4135,4.9
4136,3.7
4137,4.1
4138,4.2
4139,4.4
4140,3.1
4141,4.5
4142,4.2
4143,4.6
4144,4.4
4145,3.0
4146,4.0
4147,4.6
4148,4.8
4149,3.8
4150,4.3
4151,5.0
4152,4.3
4153,3.4
4154,5.0
4155,3.6
4156,4.3
4157,3.4
4158,4.3
4159,3.7
4160,3.2
4161,2.9
4162,3.9
4163,1.9
4164,3.4
4165,3.7
4166,2.3
4167,3.0
4168,3.1
4169,3.1
4170,1.9
4171,3.4
4172,3.1
4173,2.8
4174,3.6
4175,2.5
4176,4.1
4177,3.5
4178,3.1
4179,2.6
4180,2.0
4181,4.3
4182,4.2
4183,4.4
4184,4.1
4185,4.1
4186,4.2
4187,4.8
4188,4.1
4189,4.4
4190,3.9
4191,4.4
4192,4.1
4193,4.6
4194,4.4
4195,4.2
4196,3.5
4197,4.5
4198,3.7
4199,3.6
4200,4.1
4201,4.2
4202,3.4
4203,4.0
4204,4.1
4205,3.8
4206,3.6
4207,3.5
4208,3.8
4209,4.2
4210,3.4
4211,3.5
4212,3.6
4213,3.5
4214,3.7
4215,3.1
4216,3.2
4217,4.5
4218,4.5
4219,4.2
4220,4.0
4221,3.9
4222,3.8
4223,3.9
4224,4.5
4225,4.4
4226,3.8
4227,4.4
4228,2.5
4229,4.1
4230,3.7
4231,3.5
4232,3.7
4233,3.5
4234,3.2
4235,3.8
4236,2.5
4237,3.1
4238,3.1
4239,3.3
4240,2.5
4241,3.1
4242,4.0
4243,3.8
4244,3.6
4245,2.7
4246,3.6
4247,3.6
4248,1.0
4249,2.2
4250,2.7
4251,3.8
4252,3.7
4253,4.2
4254,4.2
4255,3.6
4256,4.3
4257,3.9
4258,3.5
4259,4.2
4260,3.7
4261,2.6
4262,4.8
4263,5.0
4264,3.9
4265,3.9
4266,4.6
4267,4.2
4268,4.4
4269,4.1
4270,4.9
4271,4.0
4272,4.1
4273,4.9
4274,4.8
4275,4.3
4276,3.6
4277,3.7
4278,4.2
4279,4.2
4280,3.0
4281,3.9
4282,4.5
4283,3.1
4284,3.5
4285,3.5
4286,4.5
4287,3.1
4288,3.7
4289,3.0
4290,2.7
4291,3.7
4292,3.5
4293,3.6
4294,3.3
4295,3.8
4296,3.4
4297,4.0
4298,3.3
4299,4.1
4300,3.7
4301,3.3
4302,4.0
4303,3.2
4304,2.9
4305,2.8
4306,3.5
4307,3.3
4308,3.3
4309,3.2
4310,2.0
4311,5.0
4312,3.7
4313,4.2
4314,4.4
4315,3.5
4316,3.6
4317,3.6
4318,3.5
4319,2.9
4320,3.9
4321,4.2
4322,4.4
4323,3.9
4324,4.1
4325,4.2
4326,2.7
4327,4.4
4328,2.2
4329,3.0
4330,2.5
4331,4.5
4332,4.3
4333,3.5
4334,4.0
4335,3.6
4336,2.4
4337,3.8
4338,3.3
4339,3.6
4340,2.8
4341,3.9
4342,2.7
4343,3.0
4344,4.0
4345,3.6
4346,3.2
4347,4.0
4348,2.5
4349,3.5
4350,2.5
4351,4.0
4352,4.3
4353,4.2
4354,4.1
4355,4.7
4356,4.1
4357,3.4
4358,4.1
4359,3.1
4360,3.9
4361,4.5
4362,4.1
4363,3.7
4364,4.4
4365,4.2
4366,4.2
4367,3.7
4368,3.9
4369,4.3
4370,3.4
4371,3.5
4372,4.5
4373,4.9
4374,4.4
4375,4.8
4376,4.5
4377,3.8
4378,3.2
4379,3.7
4380,3.7
4381,3.6
4382,4.2
4383,3.9
4384,3.6
4385,4.3
4386,4.0
4387,3.9
4388,3.6
4389,3.5
4390,4.1
4391,4.5
4392,4.1
4393,4.9
4394,4.9
4395,3.9
4396,3.9
4397,3.8
4398,4.2
4399,4.9
4400,3.4
4401,4.0
4402,3.6
4403,3.9
4404,3.7
4405,4.1
4406,3.1
4407,3.7
4408,3.7
4409,2.7
4410,3.6
4411,3.4
4412,3.2
4413,3.3
4414,2.8
4415,3.9
4416,4.2
4417,2.6
4418,3.2
4419,2.6
4420,2.4
4421,4.2
4422,3.8
4423,3.0
4424,2.8
4425,2.9
4426,3.0
4427,2.4
4428,2.8
4429,3.1
4430,2.0
4431,4.7
4432,4.4
4433,3.8
4434,4.6
4435,2.9
4436,3.6
4437,3.2
4438,2.9
4439,3.4
4440,3.5
4441,1.9
4442,2.6
4443,2.4
4444,3.2
4445,2.0
4446,1.2
4447,2.0
4448,1.2
4449,2.6
4450,1.6
4451,3.5
4452,2.9
4453,2.8
4454,3.2
4455,2.9
4456,3.1
4457,2.8
4458,2.7
4459,2.3
4460,3.3
4461,3.8
4462,3.6
4463,4.3
4464,3.3
4465,3.1
4466,3.6
4467,3.9
4468,3.5
4469,2.8
4470,2.4
4471,3.4
4472,3.7
4473,4.0
4474,3.4
4475,3.6
4476,3.9
4477,3.1
4478,2.7
4479,4.4
4480,2.9
4481,4.6
4482,4.0
4483,4.2
4484,3.1
4485,4.2
4486,3.0
4487,4.1
4488,3.9
4489,4.1
4490,4.2
4491,4.0
4492,4.5
4493,3.5
4494,3.8
4495,4.3
4496,3.9
4497,3.4
4498,3.7
4499,3.4
4500,4.3
4501,2.5
4502,2.6
4503,3.1
4504,2.0
4505,4.1
4506,4.3
4507,3.3
4508,2.4
4509,2.3
4510,2.8
4511,3.3
4512,4.0
4513,3.7
4514,3.9
4515,3.7
4516,3.6
4517,3.6
4518,3.7
4519,3.8
4520,3.6
4521,3.2
4522,4.2
4523,2.9
4524,3.9
4525,3.6
4526,2.9
4527,3.4
4528,2.7
4529,2.3
4530,2.1
4531,3.3
4532,3.4
4533,3.7
4534,2.4
4535,3.2
4536,3.3
4537,3.0
4538,3.1
4539,3.3
4540,3.4
4541,3.1
4542,3.8
4543,3.7
4544,3.6
4545,3.6
4546,2.9
4547,3.3
4548,3.5
4549,2.9
4550,3.3
4551,4.3
4552,3.9
4553,3.3
4554,2.9
4555,2.4
4556,3.3
4557,2.9
4558,3.5
4559,3.5
4560,3.3
4561,4.6
4562,4.7
4563,2.6
4564,3.8
4565,4.6
4566,4.4
4567,3.7
4568,3.6
4569,4.1
4570,3.0
4571,3.4
4572,4.4
4573,4.2
4574,4.3
4575,3.5
4576,3.5
4577,3.8
4578,4.2
4579,4.0
4580,4.0
4581,3.5
4582,4.0
4583,3.9
4584,3.7
4585,3.6
4586,3.1
4587,3.4
4588,3.2
4589,2.9
4590,3.5
4591,3.7
4592,3.8
4593,3.4
4594,3.1
4595,4.0
4596,4.0
4597,2.9
4598,3.7
4599,2.9
4600,3.6
4601,4.2
4602,2.9
4603,3.0
4604,2.2
4605,3.8
4606,4.0
4607,4.1
4608,3.0
4609,2.4
4610,2.2
4611,3.4
4612,3.4
4613,4.5
4614,5.0
4615,3.2
4616,4.2
4617,2.7
4618,3.5
4619,3.6
4620,3.7
4621,2.0
4622,2.4
4623,2.6
4624,4.1
4625,2.3
4626,3.4
4627,2.2
4628,3.3
4629,2.8
4630,3.1
4631,4.8
4632,4.5
4633,3.7
4634,4.2
4635,4.0
4636,3.9
4637,3.1
4638,4.6
4639,3.3
4640,4.6
4641,3.7
4642,3.2
4643,4.1
4644,3.9
4645,3.2
4646,3.6
4647,3.4
4648,3.8
4649,3.2
4650,3.9
4651,3.7
4652,4.0
4653,3.8
4654,3.8
4655,3.8
4656,3.2
4657,3.1
4658,3.6
4659,3.2
4660,3.7
4661,4.4
4662,3.4
4663,4.0
4664,3.0
4665,3.8
4666,2.7
4667,3.9
4668,3.4
4669,3.6
4670,3.5
4671,3.6
4672,4.4
4673,4.4
4674,3.4
4675,4.1
4676,3.5
4677,4.0
4678,3.5
4679,2.3
4680,3.5
4681,4.9
4682,4.2
4683,4.8
4684,4.6
4685,5.0
4686,4.6
4687,3.9
4688,4.5
4689,5.0
4690,4.5
4691,3.8
4692,3.9
4693,3.3
4694,4.1
4695,3.8
4696,3.0
4697,2.6
4698,3.7
4699,3.3
4700,3.1
4701,3.8
4702,3.0
4703,3.9
4704,3.0
4705,3.8
4706,3.4
4707,3.7
4708,4.0
4709,3.3
4710,3.8
4711,4.8
4712,5.0
4713,4.3
4714,4.6
4715,4.6
4716,4.0
4717,4.0
4718,3.9
4719,3.8
4720,4.1
4721,3.6
4722,4.2
4723,3.9
4724,4.4
4725,4.1
4726,4.1
4727,3.9
4728,4.0
4729,3.8
4730,4.7
4731,4.4
4732,3.5
4733,4.4
4734,3.5
4735,4.8
4736,4.1
4737,4.5
4738,4.0
4739,4.4
4740,3.2
4741,3.3
4742,3.7
4743,2.7
4744,3.1
4745,3.9
4746,3.7
4747,3.8
4748,3.0
4749,3.0
4750,3.3
4751,3.1
4752,4.3
4753,3.8
4754,3.9
4755,2.9
4756,2.8
4757,3.4
4758,3.4
4759,2.0
4760,3.2
4761,5.0
4762,4.7
4763,2.2
4764,4.7
4765,4.5
4766,4.0
4767,5.0
4768,4.6
4769,4.3
4770,4.1
4771,4.7
4772,2.5
4773,3.8
4774,3.7
4775,4.3
4776,3.2
4777,4.6
4778,3.9
4779,3.7
4780,2.8
4781,3.8
4782,4.1
4783,4.1
4784,4.3
4785,3.8
4786,3.6
4787,2.5
4788,4.0
4789,2.3
4790,1.9
4791,3.5
4792,3.6
4793,3.8
4794,3.7
4795,4.1
4796,3.7
4797,3.3
4798,3.5
4799,4.3
4800,4.4
4801,3.8
4802,3.8
4803,4.4
4804,4.5
4805,4.9
4806,4.3
4807,4.1
4808,4.3
4809,3.4
4810,2.9
4811,3.7
4812,3.9
4813,2.8
4814,3.2
4815,3.6
4816,3.1
4817,3.2
4818,2.7
4819,2.3
4820,2.2
4821,3.6
4822,3.7
4823,3.4
4824,2.3
4825,2.8
4826,2.5
4827,4.0
4828,3.0
4829,3.2
4830,3.5
4831,3.8
4832,4.1
4833,4.6
4834,4.0
4835,4.3
4836,2.8
4837,4.3
4838,3.9
4839,3.3
4840,4.0
4841,2.6
4842,3.1
4843,2.5
4844,2.4
4845,3.4
4846,3.5
4847,3.1
4848,1.9
4849,3.1
4850,3.2
4851,3.5
4852,2.8
4853,3.8
4854,3.1
4855,2.7
4856,2.9
4857,2.6
4858,2.7
4859,2.5
4860,2.8
4861,4.2
4862,3.8
4863,3.3
4864,3.4
4865,3.8
4866,4.0
4867,3.4
4868,3.9
4869,3.7
4870,3.1
4871,3.0
4872,3.1
4873,2.7
4874,3.4
4875,3.3
4876,3.5
4877,3.7
4878,3.4
4879,3.8
4880,3.2
4881,4.4
4882,3.4
4883,3.7
4884,4.2
4885,3.5
4886,3.7
4887,2.8
4888,4.1
4889,3.3
4890,5.0
4891,2.8
4892,3.3
4893,2.2
4894,2.8
4895,2.6
4896,3.1
4897,2.4
4898,2.8
4899,2.3
4900,2.8
4901,4.0
4902,4.2
4903,4.1
4904,3.4
4905,4.1
4906,3.4
4907,3.4
4908,4.4
4909,3.7
4910,3.1
4911,3.8
4912,3.5
4913,3.5
4914,3.9
4915,3.9
4916,4.1
4917,4.1
4918,3.4
4919,3.9
4920,3.2
4921,3.7
4922,4.3
4923,4.4
4924,4.1
4925,4.1
4926,3.1
4927,3.4
4928,3.9
4929,3.8
4930,3.6
4931,4.1
4932,4.9
4933,5.0
4934,3.5
4935,3.9
4936,4.4
4937,4.5
4938,4.4
4939,4.4
4940,4.3
4941,4.2
4942,4.8
4943,3.2
4944,4.3
4945,3.6
4946,4.8
4947,3.6
4948,4.6
4949,4.2
4950,3.9
4951,3.7
4952,2.5
4953,3.1
4954,2.1
4955,4.7
4956,4.1
4957,3.5
4958,3.5
4959,3.3
4960,2.8
4961,3.6
4962,3.3
4963,3.3
4964,3.4
4965,3.1
4966,3.3
4967,2.3
4968,3.4
4969,3.2
4970,2.1
4971,2.4
4972,3.7
4973,3.5
4974,3.6
4975,3.5
4976,3.6
4977,3.3
4978,4.2
4979,4.0
4980,3.1
4981,3.8
4982,3.9
4983,3.9
4984,3.6
4985,3.8
4986,4.2
4987,4.3
4988,4.0
4989,4.2
4990,3.8
4991,3.0
4992,3.0
4993,3.3
4994,2.5
4995,2.8
4996,2.6
4997,3.8
4998,3.6
4999,3.6
5000,2.4
5001,3.8
5002,4.6
5003,4.0
5004,4.0
5005,4.2
5006,4.2
5007,4.1
5008,4.0
5009,3.3
5010,2.5
5011,3.2
5012,3.2
5013,4.1
5014,3.0
5015,3.3
5016,2.4
5017,2.6
5018,3.3
5019,2.6
5020,2.2
5021,4.1
5022,4.5
5023,4.3
5024,3.8
5025,4.2
5026,4.0
5027,4.5
5028,4.5
5029,4.4
5030,3.8
5031,3.7
5032,3.5
5033,3.9
5034,3.8
5035,3.3
5036,3.4
5037,3.2
5038,3.4
5039,3.4
5040,3.3
5041,3.3
5042,3.4
5043,3.0
5044,3.4
5045,3.4
5046,3.8
5047,3.5
5048,3.3
5049,3.5
5050,3.7
5051,3.5
5052,3.5
5053,4.1
5054,3.2
5055,3.4
5056,3.8
5057,4.3
5058,3.8
5059,2.4
5060,3.3
5061,5.0
5062,5.0
5063,4.7
5064,4.6
5065,4.3
5066,4.5
5067,4.1
5068,3.7
5069,4.4
5070,3.6
5071,3.7
5072,3.4
5073,3.5
5074,3.7
5075,3.9
5076,3.3
5077,4.4
5078,4.3
5079,3.4
5080,4.0
5081,4.1
5082,2.5
5083,3.2
5084,2.9
5085,3.0
5086,2.1
5087,1.4
5088,1.0
5089,2.8
5090,2.3
5091,2.5
5092,3.3
5093,2.8
5094,3.4
5095,2.0
5096,2.7
5097,2.1
5098,2.8
5099,1.8
5100,2.3
5101,3.7
5102,4.5
5103,3.6
5104,3.7
5105,5.0
5106,4.0
5107,4.9
5108,3.5
5109,3.0
5110,3.6
5111,4.5
5112,4.6
5113,4.9
5114,4.8
5115,5.0
5116,5.0
5117,4.6
5118,5.0
5119,5.0
5120,3.7
5121,4.8
5122,4.4
5123,4.7
5124,4.8
5125,4.7
5126,4.2
5127,5.0
5128,4.4
5129,4.4
5130,4.0
5131,3.9
5132,3.7
5133,4.4
5134,3.6
5135,4.1
5136,4.2
5137,3.7
5138,3.6
5139,4.3
5140,3.8
5141,2.2
5142,3.6
5143,2.5
5144,3.7
5145,3.6
5146,3.2
5147,3.1
5148,2.6
5149,2.8
5150,2.4
5151,4.4
5152,4.8
5153,4.0
5154,4.6
5155,4.6
5156,3.4
5157,4.0
5158,4.3
5159,4.1
5160,4.4
5161,3.3
5162,3.9
5163,3.8
5164,3.7
5165,3.2
5166,3.2
5167,2.8
5168,2.9
5169,2.5
5170,3.1
5171,3.9
5172,4.1
5173,4.2
5174,3.8
5175,4.1
5176,3.6
5177,3.6
5178,3.6
5179,3.8
5180,3.4
5181,3.5
5182,3.4
5183,2.7
5184,3.2
5185,3.8
5186,2.5
5187,5.0
5188,3.7
5189,4.3
5190,2.8
5191,3.7
5192,4.0
5193,3.8
5194,4.2
5195,3.3
5196,3.6
5197,4.1
5198,2.5
5199,3.0
5200,3.2
5201,3.2
5202,2.9
5203,3.1
5204,3.4
5205,3.3
5206,3.7
5207,3.6
5208,3.1
5209,3.3
5210,3.2
5211,5.0
5212,5.0
5213,4.7
5214,3.6
5215,4.4
5216,4.8
5217,4.2
5218,5.0
5219,4.5
5220,4.7
5221,5.0
5222,5.0
5223,4.4
5224,4.0
5225,4.6
5226,4.7
5227,4.5
5228,4.5
5229,4.9
5230,4.5
5231,4.1
5232,3.7
5233,3.5
5234,3.7
5235,4.3
5236,3.6
5237,4.3
5238,3.8
5239,3.8
5240,4.5
5241,3.8
5242,3.1
5243,3.4
5244,3.7
5245,3.0
5246,3.3
5247,3.1
5248,3.0
5249,2.2
5250,2.3
5251,3.5
5252,2.9
5253,4.2
5254,2.9
5255,3.8
5256,3.1
5257,4.1
5258,3.9
5259,3.2
5260,2.4
5261,3.7
5262,4.5
5263,4.6
5264,3.6
5265,3.8
5266,3.4
5267,3.9
5268,4.1
5269,3.4
5270,4.0
5271,3.8
5272,4.1
5273,4.0
5274,3.9
5275,2.5
5276,4.2
5277,4.0
5278,4.2
5279,3.3
5280,3.7
5281,4.2
5282,3.8
5283,3.6
5284,3.2
5285,3.0
5286,3.9
5287,4.0
5288,3.5
5289,3.0
5290,2.7
5291,4.1
5292,3.6
5293,3.2
5294,3.6
5295,3.6
5296,3.6
5297,4.2
5298,3.7
5299,3.9
5300,2.4
5301,3.4
5302,3.6
5303,3.4
5304,2.5
5305,3.1
5306,3.4
5307,1.8
5308,2.7
5309,3.6
5310,3.6
5311,4.4
5312,4.4
5313,5.0
5314,5.0
5315,4.9
5316,4.6
5317,3.3
5318,4.1
5319,5.0
5320,4.4
5321,4.2
5322,2.3
5323,4.0
5324,3.0
5325,3.9
5326,2.7
5327,3.7
5328,2.7
5329,3.6
5330,1.9
5331,4.6
5332,4.8
5333,3.9
5334,4.6
5335,4.3
5336,4.2
5337,4.1
5338,4.3
5339,3.5
5340,3.9
5341,4.1
5342,4.4
5343,3.9
5344,4.1
5345,4.1
5346,4.5
5347,4.4
5348,4.1
5349,3.9
5350,3.5
5351,3.7
5352,3.9
5353,4.4
5354,4.6
5355,4.3
5356,3.9
5357,4.4
5358,4.0
5359,3.1
5360,4.0
5361,2.8
5362,3.3
5363,3.4
5364,3.3
5365,3.6
5366,3.3
5367,2.3
5368,3.1
5369,1.2
5370,3.1
5371,3.5
5372,4.1
5373,3.6
5374,3.6
5375,3.8
5376,3.5
5377,2.9
5378,4.0
5379,3.1
5380,3.8
5381,4.3
5382,4.1
5383,4.5
5384,3.8
5385,3.9
5386,4.4
5387,3.9
5388,4.0
5389,4.5
5390,3.9
5391,4.1
5392,4.1
5393,4.6
5394,4.5
5395,3.7
5396,3.6
5397,4.0
5398,3.3
5399,3.9
5400,3.7
5401,4.4
5402,4.2
5403,3.7
5404,4.0
5405,4.4
5406,4.5
5407,4.1
5408,3.9
5409,3.2
5410,3.4
5411,4.0
5412,3.6
5413,3.5
5414,3.5
5415,4.4
5416,2.9
5417,3.1
5418,3.8
5419,4.0
5420,3.5
5421,3.8
5422,4.0
5423,3.6
5424,3.7
5425,3.7
5426,4.2
5427,3.7
5428,4.2
5429,4.0
5430,2.6
5431,3.4
5432,3.4
5433,2.5
5434,2.1
5435,1.9
5436,2.7
5437,2.8
5438,2.6
5439,2.8
5440,1.7
5441,3.3
5442,3.7
5443,3.6
5444,3.8
5445,4.2
5446,3.8
5447,3.8
5448,3.6
5449,3.0
5450,3.7
5451,4.2
5452,4.0
5453,3.6
5454,3.8
5455,3.9
5456,4.2
5457,3.6
5458,4.3
5459,3.7
5460,4.1
5461,4.0
5462,3.4
5463,3.9
5464,3.0
5465,4.4
5466,3.2
5467,3.3
5468,3.5
5469,3.6
5470,3.2
5471,4.0
5472,3.7
5473,3.0
5474,4.1
5475,3.6
5476,3.2
5477,3.8
5478,3.4
5479,2.6
5480,3.0
5481,4.8
5482,4.4
5483,3.2
5484,2.9
5485,3.7
5486,3.4
5487,4.5
5488,2.8
5489,3.8
5490,3.0
5491,2.7
5492,4.0
5493,3.5
5494,4.2
5495,3.4
5496,4.1
5497,4.0
5498,3.4
5499,2.7
5500,4.4
5501,3.7
5502,3.5
5503,3.4
5504,3.9
5505,3.4
5506,3.7
5507,4.2
5508,3.7
5509,3.3
5510,3.5
5511,2.9
5512,3.5
5513,3.4
5514,2.9
5515,2.7
5516,3.2
5517,3.0
5518,2.6
5519,2.7
5520,3.4
5521,4.3
5522,4.1
5523,4.6
5524,4.2
5525,4.4
5526,4.3
5527,4.3
5528,4.4
5529,4.3
5530,4.0
5531,4.0
5532,4.2
5533,4.2
5534,4.2
5535,4.3
5536,3.2
5537,3.4
5538,3.1
5539,3.2
5540,3.3
5541,4.1
5542,4.9
5543,4.5
5544,4.3
5545,3.4
5546,4.7
5547,4.8
5548,4.5
5549,3.5
5550,2.7
5551,4.5
5552,4.4
5553,4.6
5554,4.8
5555,2.8
5556,3.5
5557,4.6
5558,4.2
5559,4.5
5560,4.3
5561,4.3
5562,4.3
5563,4.4
5564,2.8
5565,3.9
5566,4.2
5567,3.3
5568,3.0
5569,3.4
5570,3.9
5571,4.3
5572,4.3
5573,3.4
5574,4.2
5575,4.1
5576,4.3
5577,4.0
5578,4.0
5579,3.9
5580,3.9
5581,3.1
5582,3.7
5583,3.6
5584,3.7
5585,3.2
5586,4.1
5587,3.8
5588,3.4
5589,4.3
5590,4.0
5591,3.8
5592,3.2
5593,2.8
5594,3.3
5595,4.0
5596,3.1
5597,3.0
5598,2.5
5599,2.9
5600,2.9
5601,3.4
5602,3.9
5603,2.9
5604,2.6
5605,3.6
5606,2.5
5607,2.7
5608,2.3
5609,3.1
5610,3.3
5611,3.6
5612,3.9
5613,4.2
5614,3.6
5615,3.5
5616,3.6
5617,4.2
5618,3.3
5619,2.5
5620,2.7
5621,4.9
5622,4.6
5623,3.9
5624,4.2
5625,2.4
5626,3.7
5627,2.8
5628,2.6
5629,3.9
5630,3.4
5631,3.4
5632,3.7
5633,3.4
5634,3.5
5635,3.6
5636,3.3
5637,3.3
5638,3.8
5639,2.8
5640,3.0
5641,4.6
5642,4.4
5643,4.4
5644,4.5
5645,4.6
5646,3.4
5647,3.5
5648,4.6
5649,4.7
5650,4.1
5651,4.1
5652,3.6
5653,3.3
5654,4.0
5655,4.1
5656,2.3
5657,3.5
5658,4.4
5659,4.5
5660,2.9
5661,4.0
5662,2.7
5663,4.4
5664,3.8
5665,4.3
5666,4.4
5667,3.4
5668,4.7
5669,4.2
5670,3.4
5671,3.7
5672,3.8
5673,3.4
5674,3.6
5675,3.1
5676,3.7
5677,3.2
5678,3.9
5679,3.0
5680,3.1
5681,3.9
5682,2.4
5683,3.8
5684,4.3
5685,3.8
5686,4.1
5687,3.8
5688,3.6
5689,4.2
5690,3.6
5691,1.6
5692,2.5
5693,3.1
5694,2.6
5695,3.4
5696,2.6
5697,2.9
5698,2.6
5699,2.5
5700,2.5
5701,2.8
5702,4.0
5703,3.4
5704,3.7
5705,3.6
5706,3.3
5707,3.6
5708,3.7
5709,3.9
5710,3.0
5711,3.2
5712,2.7
5713,3.9
5714,3.4
5715,2.9
5716,3.2
5717,2.7
5718,3.2
5719,4.2
5720,2.9
5721,3.7
5722,3.9
5723,3.7
5724,3.7
5725,4.0
5726,3.8
5727,4.2
5728,3.9
5729,4.2
5730,3.9
5731,3.4
5732,3.8
5733,4.3
5734,3.8
5735,4.2
5736,4.2
5737,3.1
5738,3.5
5739,3.8
5740,3.3
5741,4.0
5742,3.7
5743,3.6
5744,3.6
5745,3.7
5746,2.1
5747,3.6
5748,3.7
5749,3.1
5750,3.2
5751,3.6
5752,3.7
5753,3.8
5754,3.9
5755,3.6
5756,2.8
5757,3.0
5758,3.3
5759,4.0
5760,2.8
5761,4.1
5762,4.2
5763,3.5
5764,3.9
5765,3.6
5766,3.5
5767,4.0
5768,3.9
5769,4.2
5770,3.2
5771,2.8
5772,3.3
5773,3.1
5774,2.4
5775,2.5
5776,2.0
5777,3.3
5778,2.5
5779,2.8
5780,1.8
5781,3.8
5782,3.9
5783,3.8
5784,4.3
5785,3.7
5786,3.1
5787,3.3
5788,3.9
5789,3.3
5790,3.1
5791,4.2
5792,3.8
5793,3.3
5794,3.4
5795,3.2
5796,3.6
5797,3.7
5798,3.3
5799,3.0
5800,3.4
5801,4.2
5802,4.4
5803,4.4
5804,4.0
5805,4.2
5806,4.1
5807,4.1
5808,4.8
5809,4.3
5810,4.4
5811,4.0
5812,4.1
5813,3.4
5814,3.9
5815,3.4
5816,3.6
5817,3.2
5818,4.0
5819,1.9
5820,2.4
5821,5.0
5822,4.9
5823,4.5
5824,5.0
5825,4.9
5826,4.4
5827,4.6
5828,4.5
5829,4.5
5830,4.8
5831,2.6
5832,4.1
5833,3.5
5834,4.3
5835,4.3
5836,4.7
5837,3.0
5838,3.9
5839,4.4
5840,2.9
5841,4.5
5842,4.1
5843,4.0
5844,3.5
5845,4.4
5846,3.8
5847,4.1
5848,2.8
5849,3.7
5850,4.5
5851,3.2
5852,3.4
5853,3.4
5854,3.7
5855,3.0
5856,3.2
5857,3.4
5858,3.8
5859,2.8
5860,3.1
5861,2.0
5862,3.3
5863,4.0
5864,3.3
5865,2.5
5866,3.0
5867,3.2
5868,3.1
5869,2.8
5870,2.8
5871,4.0
5872,4.2
5873,3.4
5874,3.8
5875,4.4
5876,3.7
5877,3.9
5878,3.9
5879,3.5
5880,3.2
5881,2.8
5882,3.5
5883,3.8
5884,3.3
5885,5.0
5886,3.1
5887,2.7
5888,3.3
5889,3.4
5890,2.9
5891,4.4
5892,3.5
5893,2.9
5894,4.2
5895,3.1
5896,3.8
5897,4.6
5898,3.0
5899,2.9
5900,2.8
5901,4.2
5902,4.2
5903,3.4
5904,4.1
5905,2.9
5906,4.0
5907,3.6
5908,2.9
5909,3.1
5910,3.4
5911,3.4
5912,5.0
5913,4.7
5914,4.4
5915,4.6
5916,4.3
5917,2.2
5918,3.8
5919,4.4
5920,3.8
5921,3.5
5922,4.4
5923,4.5
5924,4.3
5925,3.9
5926,4.0
5927,3.8
5928,4.0
5929,4.1
5930,3.3
5931,3.5
5932,4.3
5933,3.9
5934,4.0
5935,3.8
5936,3.7
5937,3.5
5938,3.0
5939,3.8
5940,2.1
5941,2.9
5942,3.1
5943,3.4
5944,2.5
5945,2.8
5946,2.8
5947,3.9
5948,2.5
5949,3.6
5950,3.0
5951,3.1
5952,3.6
5953,4.3
5954,4.0
5955,3.7
5956,3.5
5957,4.5
5958,3.2
5959,3.2
5960,3.1
5961,3.9
5962,4.2
5963,3.9
5964,4.0
5965,3.9
5966,3.7
5967,2.9
5968,3.8
5969,2.6
5970,3.2
5971,3.7
5972,3.8
5973,3.3
5974,4.2
5975,3.0
5976,3.1
5977,3.0
5978,3.1
5979,3.8
5980,3.5
5981,3.1
5982,4.9
5983,4.4
5984,3.5
5985,3.8
5986,3.7
5987,4.0
5988,3.1
5989,3.6
5990,4.1
5991,3.3
5992,3.9
5993,4.8
5994,3.5
5995,3.2
5996,3.1
5997,3.5
5998,3.3
5999,2.5
6000,2.4
6001,3.4
6002,3.7
6003,3.2
6004,3.1
6005,3.9
6006,2.8
6007,1.8
6008,3.0
6009,1.8
6010,3.9
6011,4.6
6012,3.9
6013,4.3
6014,3.8
6015,4.3
6016,3.8
6017,3.2
6018,3.6
6019,2.9
6020,2.5
6021,3.9
6022,3.3
6023,4.1
6024,3.8
6025,4.3
6026,4.2
6027,4.5
6028,4.1
6029,3.9
6030,2.7
6031,3.3
6032,3.6
6033,4.1
6034,4.0
6035,3.8
6036,3.6
6037,3.7
6038,2.6
6039,2.5
6040,3.0
6041,3.7
6042,4.7
6043,4.1
6044,4.5
6045,4.7
6046,3.4
6047,4.4
6048,4.2
6049,4.0
6050,3.8
6051,4.1
6052,4.6
6053,3.6
6054,4.1
6055,4.5
6056,4.1
6057,4.0
6058,3.4
6059,3.5
6060,3.5
6061,4.4
6062,4.2
6063,3.6
6064,2.9
6065,4.5
6066,4.1
6067,4.1
6068,4.1
6069,4.0
6070,3.7
6071,4.1
6072,3.8
6073,3.7
6074,3.4
6075,3.7
6076,4.1
6077,4.2
6078,3.6
6079,3.6
6080,3.7
6081,3.0
6082,3.2
6083,2.9
6084,2.3
6085,3.1
6086,1.0
6087,2.7
6088,1.5
6089,1.3
6090,1.7
6091,3.2
6092,4.1
6093,4.0
6094,3.5
6095,4.6
6096,4.1
6097,4.1
6098,3.6
6099,2.9
6100,3.8
6101,4.1
6102,4.0
6103,3.8
6104,4.0
6105,3.8
6106,4.1
6107,4.1
6108,3.6
6109,3.8
6110,4.1
6111,3.4
6112,3.7
6113,3.2
6114,3.3
6115,3.3
6116,4.0
6117,2.6
6118,3.1
6119,2.7
6120,3.2
6121,4.5
6122,4.8
6123,5.0
6124,4.4
6125,5.0
6126,4.9
6127,4.4
6128,4.0
6129,4.2
6130,4.1
6131,3.3
6132,3.4
6133,3.7
6134,3.9
6135,3.7
6136,3.2
6137,3.5
6138,3.7
6139,3.2
6140,3.3
6141,4.4
6142,4.6
6143,2.1
6144,3.1
6145,4.3
6146,4.3
6147,4.0
6148,3.4
6149,4.0
6150,2.7
6151,4.2
6152,4.5
6153,3.4
6154,3.9
6155,4.3
6156,2.8
6157,2.9
6158,3.4
6159,4.2
6160,3.0
6161,3.1
6162,2.7
6163,3.0
6164,3.0
6165,1.3
6166,2.7
6167,1.5
6168,3.3
6169,2.6
6170,1.8
6171,2.7
6172,3.9
6173,2.9
6174,3.9
6175,3.8
6176,3.5
6177,3.8
6178,4.2
6179,2.8
6180,3.1
6181,3.0
6182,3.5
6183,4.0
6184,3.8
6185,4.1
6186,3.5
6187,3.9
6188,3.7
6189,3.7
6190,3.5
6191,4.5
6192,4.2
6193,3.9
6194,3.9
6195,2.6
6196,4.1
6197,3.3
6198,3.7
6199,4.2
6200,3.0
6201,3.6
6202,4.5
6203,3.9
6204,2.0
6205,3.8
6206,3.5
6207,2.4
6208,3.4
6209,3.3
6210,3.6
6211,3.2
6212,2.9
6213,3.1
6214,4.1
6215,3.7
6216,3.0
6217,2.5
6218,2.7
6219,3.2
6220,3.4
6221,4.2
6222,4.0
6223,4.1
6224,3.9
6225,4.4
6226,3.8
6227,3.5
6228,3.0
6229,4.0
6230,3.0
6231,4.7
6232,4.0
6233,3.1
6234,4.5
6235,3.0
6236,4.0
6237,3.7
6238,3.6
6239,3.0
6240,3.3
6241,3.8
6242,3.3
6243,3.8
6244,3.9
6245,3.4
6246,3.5
6247,3.3
6248,3.0
6249,2.8
6250,2.7
6251,1.1
6252,3.2
6253,3.1
6254,2.2
6255,2.4
6256,2.6
6257,2.2
6258,2.1
6259,1.3
6260,1.0
6261,3.2
6262,3.3
6263,4.1
6264,3.5
6265,2.9
6266,3.2
6267,3.4
6268,3.4
6269,3.1
6270,4.0
6271,5.0
6272,5.0
6273,4.9
6274,5.0
6275,4.6
6276,4.2
6277,4.5
6278,4.6
6279,4.3
6280,4.2
6281,4.3
6282,4.3
6283,4.4
6284,4.8
6285,4.6
6286,4.3
6287,3.7
6288,3.7
6289,4.6
6290,3.3
6291,4.1
6292,3.3
6293,2.7
6294,3.3
6295,2.6
6296,3.4
6297,3.3
6298,2.9
6299,2.6
6300,2.3
6301,4.0
6302,3.4
6303,2.6
6304,2.9
6305,2.8
6306,4.0
6307,2.6
6308,2.4
6309,3.3
6310,1.4
6311,3.4
6312,4.1
6313,3.6
6314,3.9
6315,3.8
6316,3.5
6317,3.9
6318,3.4
6319,4.0
6320,2.9
6321,3.8
6322,4.0
6323,3.5
6324,3.7
6325,3.3
6326,3.3
6327,2.8
6328,3.5
6329,3.1
6330,2.6
6331,4.2
6332,3.9
6333,3.3
6334,4.2
6335,3.7
6336,3.3
6337,2.9
6338,3.6
6339,2.7
6340,3.2
6341,3.3
6342,3.4
6343,3.9
6344,3.0
6345,3.5
6346,3.3
6347,3.0
6348,2.8
6349,2.8
6350,3.2
6351,4.8
6352,4.3
6353,4.7
6354,4.6
6355,4.9
6356,4.6
6357,5.0
6358,4.0
6359,3.9
6360,4.7
6361,3.1
6362,2.9
6363,2.8
6364,2.7
6365,1.4
6366,2.2
6367,3.2
6368,2.1
6369,1.2
6370,1.5
6371,4.3
6372,3.7
6373,3.7
6374,4.5
6375,4.2
6376,3.9
6377,3.7
6378,3.3
6379,2.9
6380,3.0
6381,2.8
6382,2.8
6383,3.8
6384,3.6
6385,3.0
6386,3.3
6387,3.1
6388,3.5
6389,3.2
6390,3.4
6391,4.6
6392,3.3
6393,3.9
6394,4.9
6395,4.6
6396,4.3
6397,4.3
6398,4.2
6399,3.1
6400,4.7
6401,4.9
6402,4.2
6403,4.4
6404,4.4
6405,4.0
6406,4.2
6407,4.3
6408,4.3
6409,4.5
6410,3.2
6411,4.3
6412,3.1
6413,3.7
6414,4.4
6415,3.7
6416,4.7
6417,4.0
6418,3.5
6419,3.8
6420,3.8
6421,4.8
6422,3.5
6423,4.3
6424,4.2
6425,3.0
6426,3.6
6427,3.0
6428,4.2
6429,4.1
6430,4.1
6431,4.6
6432,4.4
6433,3.9
6434,3.3
6435,4.3
6436,3.5
6437,4.3
6438,3.7
6439,3.9
6440,3.4
6441,3.5
6442,4.3
6443,4.5
6444,4.5
6445,4.4
6446,4.2
6447,3.2
6448,3.9
6449,2.5
6450,3.3
6451,3.5
6452,3.3
6453,3.0
6454,2.8
6455,3.6
6456,3.2
6457,2.7
6458,2.3
6459,3.0
6460,3.1
6461,4.2
6462,4.0
6463,3.5
6464,3.9
6465,4.3
6466,3.4
6467,4.0
6468,4.2
6469,3.8
6470,3.6
6471,4.4
6472,2.6
6473,2.9
6474,3.2
6475,3.9
6476,4.1
6477,3.4
6478,2.4
6479,3.0
6480,3.0
6481,4.3
6482,4.3
6483,4.0
6484,2.9
6485,4.7
6486,3.8
6487,3.4
6488,3.7
6489,3.1
6490,2.6
6491,4.0
6492,3.4
6493,2.8
6494,3.4
6495,3.2
6496,2.4
6497,3.1
6498,3.3
6499,2.8
6500,3.2
6501,3.8
6502,3.9
6503,3.7
6504,4.2
6505,3.7
6506,3.5
6507,2.9
6508,3.8
6509,3.3
6510,1.7
6511,3.0
6512,2.6
6513,3.7
6514,3.2
6515,2.9
6516,3.1
6517,2.7
6518,1.6
6519,3.3
6520,2.9
6521,3.9
6522,3.0
6523,3.1
6524,3.3
6525,3.6
6526,2.6
6527,2.2
6528,2.9
6529,2.7
6530,2.9
6531,3.4
6532,3.9
6533,4.0
6534,3.4
6535,4.0
6536,4.6
6537,4.1
6538,3.3
6539,3.3
6540,3.2
6541,2.1
6542,2.7
6543,2.4
6544,2.9
6545,2.4
6546,3.5
6547,2.5
6548,2.9
6549,3.2
6550,2.6
6551,2.0
6552,2.9
6553,2.8
6554,3.3
6555,2.7
6556,2.9
6557,2.4
6558,1.8
6559,3.0
6560,2.0
6561,3.7
6562,3.5
6563,3.7
6564,3.3
6565,3.3
6566,3.3
6567,3.0
6568,3.2
6569,2.9
6570,2.3
6571,3.7
6572,3.9
6573,4.1
6574,4.5
6575,3.6
6576,3.7
6577,3.8
6578,3.6
6579,3.1
6580,2.5
6581,3.5
6582,3.9
6583,3.9
6584,4.4
6585,4.0
6586,3.1
6587,3.9
6588,3.8
6589,4.1
6590,3.9
6591,2.7
6592,3.0
6593,2.3
6594,2.5
6595,2.2
6596,2.7
6597,2.6
6598,3.1
6599,2.7
6600,1.8
6601,4.2
6602,3.3
6603,3.8
6604,4.3
6605,4.5
6606,4.3
6607,4.5
6608,3.9
6609,4.5
6610,4.3
6611,4.0
6612,5.0
6613,3.9
6614,4.8
6615,4.3
6616,4.3
6617,3.8
6618,5.0
6619,4.6
6620,4.6
6621,4.0
6622,4.2
6623,3.9
6624,4.5
6625,3.0
6626,3.2
6627,3.8
6628,3.6
6629,3.5
6630,2.9
6631,3.0
6632,4.3
6633,2.5
6634,4.3
6635,4.3
6636,2.8
6637,3.9
6638,4.2
6639,4.1
6640,2.2
6641,3.6
6642,4.0
6643,3.8
6644,3.5
6645,3.8
6646,2.6
6647,3.7
6648,3.6
6649,3.2
6650,2.5
6651,4.2
6652,2.2
6653,3.9
6654,3.8
6655,3.9
6656,3.9
6657,4.3
6658,4.1
6659,2.2
6660,3.4
6661,4.4
6662,4.2
6663,3.8
6664,4.5
6665,3.5
6666,4.2
6667,4.6
6668,4.2
6669,4.2
6670,4.3
6671,2.8
6672,2.9
6673,3.8
6674,3.6
6675,3.2
6676,3.9
6677,3.2
6678,3.6
6679,3.9
6680,3.3
6681,4.1
6682,3.9
6683,3.1
6684,2.4
6685,3.4
6686,3.7
6687,3.9
6688,4.0
6689,3.7
6690,2.9
6691,3.9
6692,4.3
6693,3.7
6694,3.5
6695,4.3
6696,4.0
6697,4.1
6698,3.6
6699,4.3
6700,4.0
6701,3.3
6702,3.6
6703,4.4
6704,3.8
6705,3.4
6706,4.3
6707,3.3
6708,3.8
6709,3.8
6710,3.1
6711,4.2
6712,4.4
6713,2.9
6714,3.0
6715,2.5
6716,2.8
6717,3.1
6718,2.2
6719,3.2
6720,2.6
6721,4.2
6722,4.2
6723,3.5
6724,3.2
6725,3.8
6726,3.8
6727,3.3
6728,3.7
6729,3.6
6730,4.2
6731,3.5
6732,4.7
6733,4.0
6734,3.8
6735,4.1
6736,4.2
6737,3.7
6738,3.5
6739,3.7
6740,2.2
6741,3.2
6742,3.6
6743,3.2
6744,4.0
6745,3.7
6746,4.0
6747,2.9
6748,3.9
6749,2.2
6750,3.5
6751,4.1
6752,4.4
6753,2.7
6754,4.6
6755,3.4
6756,3.7
6757,4.5
6758,2.5
6759,3.8
6760,3.5
6761,4.1
6762,3.9
6763,3.8
6764,4.3
6765,4.0
6766,2.7
6767,4.6
6768,3.9
6769,4.3
6770,3.5
6771,3.7
6772,3.4
6773,3.3
6774,4.6
6775,3.4
6776,3.1
6777,4.2
6778,3.7
6779,3.2
6780,3.0
6781,4.4
6782,3.2
6783,4.7
6784,4.1
6785,3.8
6786,3.4
6787,3.9
6788,4.2
6789,3.1
6790,4.2
6791,4.2
6792,3.3
6793,3.5
6794,4.1
6795,3.6
6796,4.1
6797,4.9
6798,3.7
6799,3.8
6800,2.8
6801,3.6
6802,2.0
6803,4.2
6804,2.7
6805,2.6
6806,3.6
6807,2.0
6808,3.4
6809,3.8
6810,3.1
6811,3.3
6812,3.2
6813,3.4
6814,3.9
6815,2.6
6816,2.3
6817,2.6
6818,2.3
6819,3.6
6820,3.1
6821,3.6
6822,2.6
6823,3.8
6824,3.9
6825,4.0
6826,2.8
6827,4.4
6828,2.6
6829,2.6
6830,3.0
6831,3.3
6832,3.9
6833,4.6
6834,3.7
6835,3.7
6836,3.9
6837,3.5
6838,3.5
6839,4.3
6840,3.8
6841,2.6
6842,2.4
6843,2.9
6844,1.8
6845,1.8
6846,2.4
6847,2.4
6848,2.7
6849,1.3
6850,1.0
6851,4.5
6852,4.9
6853,4.6
6854,5.0
6855,4.9
6856,4.1
6857,5.0
6858,4.6
6859,5.0
6860,4.6
6861,3.3
6862,2.9
6863,4.0
6864,3.2
6865,2.4
6866,3.7
6867,2.8
6868,3.2
6869,3.3
6870,2.1
6871,4.3
6872,5.0
6873,4.9
6874,4.8
6875,5.0
6876,4.3
6877,4.8
6878,4.5
6879,4.3
6880,5.0
6881,3.9
6882,3.9
6883,4.2
6884,3.4
6885,4.4
6886,3.9
6887,3.9
6888,4.1
6889,3.9
6890,4.1
6891,3.1
6892,3.0
6893,2.4
6894,2.9
6895,4.0
6896,3.3
6897,2.9
6898,2.0
6899,2.5
6900,2.9
6901,4.4
6902,4.6
6903,5.0
6904,5.0
6905,5.0
6906,4.9
6907,3.6
6908,4.7
6909,4.3
6910,5.0
6911,3.9
6912,3.9
6913,3.9
6914,3.6
6915,3.0
6916,2.0
6917,3.7
6918,3.1
6919,2.7
6920,2.2
6921,3.4
6922,3.5
6923,3.3
6924,3.0
6925,2.8
6926,2.6
6927,3.8
6928,3.4
6929,3.5
6930,1.9
6931,4.6
6932,4.3
6933,4.3
6934,4.4
6935,3.6
6936,4.1
6937,4.2
6938,4.2
6939,4.3
6940,4.1
6941,3.1
6942,3.0
6943,3.3
6944,3.8
6945,3.3
6946,3.0
6947,2.5
6948,3.8
6949,3.4
6950,3.7
6951,4.1
6952,3.9
6953,3.6
6954,3.4
6955,4.3
6956,4.2
6957,4.3
6958,3.1
6959,3.2
6960,3.6
6961,4.6
6962,4.2
6963,3.4
6964,4.1
6965,3.9
6966,5.0
6967,4.0
6968,3.7
6969,2.6
6970,4.5
6971,3.4
6972,3.5
6973,3.1
6974,3.1
6975,3.2
6976,3.0
6977,2.5
6978,2.4
6979,2.9
6980,2.3
6981,3.4
6982,3.2
6983,3.6
6984,2.9
6985,2.8
6986,2.1
6987,2.8
6988,2.8
6989,2.3
6990,3.2
6991,3.8
6992,4.1
6993,4.1
6994,4.1
6995,4.1
6996,3.6
6997,3.8
6998,3.8
6999,3.4
7000,3.5
7001,4.8
7002,3.8
7003,4.4
7004,4.8
7005,4.5
7006,3.9
7007,4.7
7008,4.7
7009,3.9
7010,4.5
7011,3.6
7012,2.4
7013,1.6
7014,2.9
7015,2.7
7016,3.2
7017,4.1
7018,2.9
7019,1.0
7020,1.8
7021,3.4
7022,4.1
7023,3.4
7024,4.2
7025,4.0
7026,3.5
7027,3.5
7028,3.8
7029,2.8
7030,3.0
7031,3.7
7032,3.9
7033,3.8
7034,3.9
7035,3.5
7036,4.1
7037,3.1
7038,3.8
7039,3.5
7040,4.3
7041,2.9
7042,4.1
7043,3.6
7044,2.9
7045,3.6
7046,3.0
7047,4.0
7048,3.4
7049,3.3
7050,2.6
7051,3.9
7052,3.4
7053,3.6
7054,4.4
7055,3.9
7056,3.6
7057,3.3
7058,3.3
7059,3.5
7060,3.5
7061,4.5
7062,3.0
7063,4.1
7064,4.0
7065,3.1
7066,2.6
7067,3.8
7068,3.9
7069,4.3
7070,2.3
7071,4.2
7072,3.4
7073,4.1
7074,3.0
7075,3.8
7076,3.7
7077,2.8
7078,2.1
7079,2.9
7080,2.9
7081,4.3
7082,3.1
7083,4.5
7084,4.3
7085,3.7
7086,3.6
7087,3.7
7088,2.2
7089,2.7
7090,2.8
7091,4.0
7092,4.2
7093,3.9
7094,4.4
7095,3.9
7096,2.5
7097,3.5
7098,3.1
7099,3.1
7100,3.1
7101,4.4
7102,3.6
7103,3.4
7104,4.7
7105,2.6
7106,4.0
7107,4.4
7108,3.9
7109,3.0
7110,3.1
7111,3.5
7112,3.8
7113,4.3
7114,4.4
7115,4.8
7116,3.7
7117,3.0
7118,3.6
7119,4.1
7120,2.7
7121,2.8
7122,2.8
7123,3.3
7124,1.6
7125,2.2
7126,2.6
7127,3.0
7128,3.4
7129,2.5
7130,3.3
7131,4.2
7132,4.3
7133,3.5
7134,3.1
7135,3.8
7136,4.5
7137,3.5
7138,3.4
7139,4.0
7140,3.3
7141,3.2
7142,4.4
7143,3.9
7144,3.9
7145,4.1
7146,2.5
7147,3.1
7148,3.5
7149,3.2
7150,2.5
7151,3.3
7152,3.1
7153,4.4
7154,3.2
7155,4.5
7156,4.4
7157,2.3
7158,4.4
7159,4.9
7160,4.9
7161,4.2
7162,3.4
7163,4.1
7164,4.0
7165,4.0
7166,3.2
7167,3.6
7168,2.6
7169,3.7
7170,3.4
7171,3.8
7172,4.4
7173,3.2
7174,4.4
7175,4.1
7176,3.5
7177,3.5
7178,3.1
7179,3.6
7180,3.7
7181,3.6
7182,3.1
7183,3.5
7184,3.4
7185,2.5
7186,2.9
7187,3.1
7188,3.8
7189,3.5
7190,3.2
7191,4.0
7192,4.5
7193,3.7
7194,4.5
7195,4.5
7196,4.0
7197,3.8
7198,4.1
7199,3.6
7200,4.7
7201,4.3
7202,3.2
7203,3.3
7204,3.9
7205,4.1
7206,3.8
7207,2.9
7208,2.6
7209,3.8
7210,3.2
7211,4.0
7212,3.7
7213,2.6
7214,4.0
7215,3.9
7216,3.9
7217,4.1
7218,4.1
7219,2.5
7220,3.4
7221,3.7
7222,4.0
7223,2.7
7224,4.3
7225,4.4
7226,3.7
7227,3.9
7228,3.6
7229,2.7
7230,3.1
7231,1.1
7232,1.3
7233,3.8
7234,2.2
7235,1.9
7236,1.6
7237,2.9
7238,2.0
7239,3.0
7240,2.8
7241,4.3
7242,4.5
7243,4.3
7244,3.9
7245,4.2
7246,3.4
7247,4.3
7248,3.8
7249,3.6
7250,4.3
7251,2.9
7252,3.7
7253,3.5
7254,3.7
7255,2.4
7256,2.1
7257,3.3
7258,2.9
7259,2.7
7260,1.8
7261,3.2
7262,2.3
7263,3.7
7264,2.9
7265,3.3
7266,4.2
7267,2.3
7268,2.7
7269,2.7
7270,3.4
7271,3.7
7272,4.1
7273,3.9
7274,3.6
7275,4.0
7276,3.0
7277,3.6
7278,3.2
7279,2.8
7280,2.5
7281,2.4
7282,2.9
7283,2.8
7284,2.7
7285,1.9
7286,2.7
7287,2.9
7288,2.7
7289,2.9
7290,1.8
7291,3.6
7292,4.4
7293,2.8
7294,3.2
7295,3.2
7296,3.2
7297,3.2
7298,2.8
7299,2.5
7300,2.5
7301,2.6
7302,2.8
7303,3.0
7304,4.4
7305,4.1
7306,3.9
7307,4.4
7308,3.2
7309,3.7
7310,4.2
7311,4.0
7312,4.4
7313,4.5
7314,4.1
7315,3.4
7316,4.2
7317,3.6
7318,3.2
7319,3.9
7320,3.7
7321,3.3
7322,2.4
7323,3.4
7324,2.3
7325,1.9
7326,3.2
7327,3.9
7328,3.1
7329,3.4
7330,4.3
7331,3.5
7332,3.9
7333,3.5
7334,4.0
7335,3.9
7336,3.7
7337,3.6
7338,4.0
7339,3.5
7340,3.7
7341,3.6
7342,3.7
7343,3.6
7344,3.6
7345,3.1
7346,3.3
7347,3.2
7348,2.7
7349,3.6
7350,3.3
7351,3.9
7352,3.3
7353,3.2
7354,3.1
7355,2.3
7356,3.2
7357,2.2
7358,3.8
7359,3.4
7360,2.8
7361,4.4
7362,3.8
7363,4.4
7364,4.4
7365,4.3
7366,4.7
7367,3.7
7368,3.1
7369,4.4
7370,4.4
7371,3.6
7372,3.9
7373,4.1
7374,3.7
7375,3.8
7376,4.2
7377,4.1
7378,4.4
7379,3.4
7380,4.1
7381,4.0
7382,4.1
7383,4.2
7384,3.2
7385,3.7
7386,3.9
7387,3.2
7388,3.5
7389,3.7
7390,2.8
7391,4.1
7392,3.9
7393,3.0
7394,3.0
7395,2.8
7396,3.4
7397,3.3
7398,2.9
7399,2.9
7400,2.9
7401,3.1
7402,2.9
7403,3.9
7404,3.0
7405,3.8
7406,3.2
7407,4.1
7408,2.2
7409,1.2
7410,2.1
7411,3.6
7412,3.2
7413,3.4
7414,4.0
7415,3.6
7416,3.1
7417,3.8
7418,3.3
7419,3.8
7420,3.3
7421,3.8
7422,4.5
7423,3.7
7424,4.0
7425,3.8
7426,3.7
7427,4.2
7428,3.6
7429,3.9
7430,3.5
7431,4.2
7432,4.1
7433,3.8
7434,3.9
7435,4.1
7436,3.5
7437,4.4
7438,3.7
7439,4.1
7440,3.2
7441,3.0
7442,3.5
7443,3.1
7444,3.4
7445,2.9
7446,3.3
7447,2.7
7448,2.9
7449,3.3
7450,3.5
7451,3.9
7452,4.5
7453,4.0
7454,3.4
7455,3.8
7456,3.5
7457,2.6
7458,3.5
7459,3.3
7460,3.4
7461,5.0
7462,3.6
7463,4.7
7464,3.7
7465,4.6
7466,4.5
7467,4.2
7468,4.4
7469,4.1
7470,3.9
7471,3.7
7472,4.1
7473,3.9
7474,3.6
7475,3.7
7476,4.3
7477,3.9
7478,3.6
7479,3.7
7480,3.2
7481,4.3
7482,3.6
7483,3.5
7484,3.8
7485,3.9
7486,3.3
7487,3.4
7488,3.7
7489,3.6
7490,3.8
7491,3.6
7492,3.4
7493,2.9
7494,3.3
7495,3.2
7496,3.7
7497,3.0
7498,3.5
7499,2.5
7500,3.2
7501,4.3
7502,3.8
7503,3.4
7504,3.4
7505,3.6
7506,4.3
7507,3.5
7508,3.1
7509,4.0
7510,3.6
7511,3.9
7512,3.7
7513,3.2
7514,3.1
7515,3.2
7516,2.9
7517,3.2
7518,3.3
7519,3.1
7520,3.4
7521,4.0
7522,3.7
7523,2.9
7524,3.1
7525,4.3
7526,3.8
7527,4.0
7528,3.9
7529,3.6
7530,3.6
7531,3.6
7532,3.4
7533,3.3
7534,2.9
7535,3.1
7536,3.1
7537,3.5
7538,3.7
7539,2.2
7540,3.3
7541,2.3
7542,3.5
7543,3.3
7544,3.7
7545,3.7
7546,2.9
7547,2.3
7548,3.4
7549,3.6
7550,1.6
7551,2.9
7552,3.3
7553,3.5
7554,4.0
7555,3.4
7556,1.7
7557,3.2
7558,3.6
7559,3.0
7560,4.0
7561,3.8
7562,3.5
7563,3.9
7564,3.4
7565,3.7
7566,3.4
7567,3.2
7568,2.8
7569,3.8
7570,2.5
7571,5.0
7572,4.7
7573,3.7
7574,4.1
7575,4.6
7576,4.4
7577,4.2
7578,4.5
7579,4.1
7580,3.2
7581,4.1
7582,4.4
7583,4.3
7584,4.0
7585,3.9
7586,4.5
7587,4.0
7588,3.4
7589,4.2
7590,4.0
7591,3.9
7592,3.8
7593,4.0
7594,3.9
7595,3.7
7596,4.2
7597,3.3
7598,4.3
7599,3.5
7600,2.9
7601,3.4
7602,3.4
7603,2.6
7604,2.5
7605,2.3
7606,3.3
7607,3.1
7608,2.9
7609,2.8
7610,2.7
7611,2.9
7612,2.9
7613,2.3
7614,2.0
7615,3.1
7616,2.9
7617,3.2
7618,1.6
7619,2.6
7620,2.9
7621,3.8
7622,3.8
7623,3.1
7624,4.1
7625,3.7
7626,4.2
7627,4.1
7628,3.8
7629,3.7
7630,3.7
7631,4.2
7632,4.0
7633,3.6
7634,3.6
7635,4.3
7636,4.2
7637,3.5
7638,3.1
7639,4.0
7640,2.9
7641,3.6
7642,3.8
7643,4.5
7644,3.3
7645,4.8
7646,4.1
7647,5.0
7648,4.5
7649,4.6
7650,4.1
7651,2.7
7652,2.8
7653,3.2
7654,2.7
7655,2.7
7656,4.0
7657,3.0
7658,4.2
7659,3.8
7660,2.1
7661,4.6
7662,5.0
7663,4.7
7664,4.6
7665,4.8
7666,4.4
7667,4.6
7668,4.1
7669,4.0
7670,4.2
7671,3.4
7672,3.5
7673,3.9
7674,3.7
7675,2.6
7676,3.6
7677,3.1
7678,2.7
7679,3.3
7680,3.0
7681,3.8
7682,3.9
7683,4.0
7684,3.4
7685,2.9
7686,2.9
7687,2.6
7688,2.1
7689,2.8
7690,2.8
7691,4.6
7692,4.5
7693,3.8
7694,4.0
7695,4.3
7696,4.5
7697,4.3
7698,3.7
7699,3.4
7700,4.7
7701,4.2
7702,4.6
7703,3.7
7704,3.7
7705,3.9
7706,3.0
7707,4.4
7708,3.8
7709,4.2
7710,3.1
7711,4.2
7712,3.9
7713,3.9
7714,4.9
7715,3.7
7716,3.8
7717,4.0
7718,3.3
7719,3.9
7720,4.1
7721,2.8
7722,3.9
7723,2.6
7724,3.7
7725,4.2
7726,2.4
7727,2.7
7728,2.5
7729,3.7
7730,3.5
7731,3.1
7732,2.9
7733,1.6
7734,3.1
7735,2.8
7736,1.6
7737,1.5
7738,2.1
7739,1.4
7740,1.4
7741,4.1
7742,3.1
7743,4.5
7744,3.9
7745,4.7
7746,4.2
7747,3.9
7748,3.9
7749,3.6
7750,3.4
7751,4.2
7752,4.3
7753,3.7
7754,2.9
7755,3.8
7756,1.0
7757,4.0
7758,3.8
7759,2.8
7760,2.3
7761,4.6
7762,4.3
7763,4.6
7764,4.4
7765,4.6
7766,4.7
7767,4.9
7768,4.8
7769,4.8
7770,4.5
7771,3.6
7772,1.3
7773,2.3
7774,2.8
7775,3.0
7776,3.0
7777,3.2
7778,3.5
7779,2.2
7780,2.3
7781,4.2
7782,4.4
7783,4.7
7784,4.4
7785,3.0
7786,4.5
7787,3.8
7788,4.4
7789,3.6
7790,4.1
7791,3.8
7792,4.6
7793,3.8
7794,4.1
7795,4.1
7796,3.9
7797,3.2
7798,4.2
7799,3.2
7800,3.4
7801,4.5
7802,4.0
7803,4.4
7804,4.2
7805,4.0
7806,3.6
7807,2.3
7808,3.5
7809,3.9
7810,4.1
7811,2.4
7812,2.9
7813,3.2
7814,2.7
7815,2.4
7816,2.4
7817,2.6
7818,2.6
7819,2.8
7820,3.5
7821,3.8
7822,3.3
7823,4.1
7824,3.9
7825,4.2
7826,4.1
7827,3.4
7828,3.7
7829,4.4
7830,3.4
7831,4.2
7832,3.6
7833,4.0
7834,4.0
7835,3.9
7836,3.9
7837,3.6
7838,4.0
7839,3.4
7840,3.1
7841,3.8
7842,4.4
7843,4.5
7844,4.0
7845,4.1
7846,4.2
7847,3.8
7848,3.2
7849,4.1
7850,3.9
7851,4.1
7852,4.0
7853,3.7
7854,3.7
7855,4.1
7856,3.4
7857,4.3
7858,3.3
7859,3.7
7860,4.3
7861,3.6
7862,3.6
7863,3.5
7864,3.9
7865,3.2
7866,3.0
7867,3.7
7868,3.0
7869,2.5
7870,3.1
7871,3.5
7872,3.6
7873,3.9
7874,3.2
7875,2.3
7876,4.2
7877,3.7
7878,3.8
7879,3.4
7880,3.7
7881,3.9
7882,4.4
7883,3.6
7884,4.4
7885,3.5
7886,3.8
7887,2.8
7888,4.3
7889,3.5
7890,2.9
7891,2.6
7892,3.4
7893,3.4
7894,4.1
7895,2.8
7896,3.0
7897,2.3
7898,3.2
7899,2.8
7900,2.1
7901,4.9
7902,4.4
7903,4.2
7904,3.8
7905,3.5
7906,3.4
7907,4.2
7908,3.7
7909,3.6
7910,3.8
7911,2.2
7912,3.6
7913,3.1
7914,3.2
7915,2.9
7916,2.9
7917,3.3
7918,2.7
7919,2.9
7920,1.7
7921,3.3
7922,3.9
7923,3.8
7924,3.0
7925,4.0
7926,3.2
7927,2.8
7928,3.4
7929,3.5
7930,4.1
7931,3.8
7932,4.8
7933,3.4
7934,4.4
7935,4.6
7936,4.7
7937,4.5
7938,4.6
7939,3.9
7940,4.2
7941,3.2
7942,3.9
7943,3.2
7944,3.5
7945,2.9
7946,3.5
7947,2.3
7948,3.4
7949,3.1
7950,2.5
7951,4.0
7952,3.7
7953,3.3
7954,3.7
7955,2.6
7956,4.0
7957,3.2
7958,2.9
7959,3.7
7960,3.4
7961,3.8
7962,3.4
7963,3.6
7964,2.6
7965,2.7
7966,2.8
7967,1.3
7968,2.6
7969,1.5
7970,1.4
7971,3.9
7972,3.3
7973,3.4
7974,3.0
7975,3.5
7976,3.3
7977,3.0
7978,3.0
7979,2.4
7980,3.7
7981,4.5
7982,4.6
7983,4.2
7984,4.0
7985,3.5
7986,4.5
7987,4.3
7988,4.1
7989,4.5
7990,3.6
7991,3.6
7992,3.9
7993,4.3
7994,4.1
7995,4.0
7996,2.7
7997,3.5
7998,4.0
7999,3.7
8000,3.2
8001,3.5
8002,4.7
8003,4.0
8004,4.3
8005,4.1
8006,3.9
8007,4.6
8008,3.8
8009,2.8
8010,4.2
8011,3.9
8012,3.3
8013,3.7
8014,4.3
8015,3.6
8016,4.0
8017,3.2
8018,2.5
8019,3.5
8020,3.2
8021,1.7
8022,2.8
8023,3.4
8024,3.9
8025,3.9
8026,1.5
8027,3.1
8028,2.6
8029,2.9
8030,3.7
8031,4.1
8032,4.0
8033,4.0
8034,4.0
8035,4.1
8036,4.5
8037,3.8
8038,3.6
8039,4.2
8040,2.8
8041,3.2
8042,3.6
8043,3.6
8044,3.6
8045,3.5
8046,4.5
8047,2.8
8048,4.0
8049,3.6
8050,2.4
8051,3.1
8052,4.1
8053,4.1
8054,4.1
8055,3.0
8056,3.2
8057,2.2
8058,3.4
8059,4.2
8060,4.0
8061,4.5
8062,4.1
8063,3.8
8064,4.2
8065,4.2
8066,4.0
8067,4.3
8068,4.1
8069,3.5
8070,3.4
8071,3.7
8072,4.4
8073,4.1
8074,4.7
8075,3.6
8076,5.0
8077,4.8
8078,3.8
8079,4.1
8080,4.7
8081,3.6
8082,4.1
8083,3.7
8084,2.9
8085,4.0
8086,3.2
8087,4.1
8088,3.1
8089,2.5
8090,2.9
8091,4.2
8092,4.2
8093,4.4
8094,4.7
8095,5.0
8096,4.0
8097,4.3
8098,4.5
8099,4.6
8100,4.6
8101,4.7
8102,3.8
8103,4.3
8104,4.2
8105,4.2
8106,4.3
8107,4.0
8108,4.3
8109,4.3
8110,3.6
8111,3.6
8112,2.5
8113,3.2
8114,4.1
8115,3.7
8116,3.7
8117,3.1
8118,3.4
8119,3.7
8120,2.6
8121,3.0
8122,2.6
8123,3.9
8124,3.1
8125,2.5
8126,2.6
8127,3.5
8128,2.7
8129,1.7
8130,2.0
8131,3.5
8132,3.6
8133,3.4
8134,3.2
8135,3.1
8136,3.0
8137,1.9
8138,1.1
8139,3.2
8140,2.7
8141,4.3
8142,3.7
8143,4.0
8144,4.2
8145,4.3
8146,4.4
8147,2.8
8148,4.7
8149,3.8
8150,2.7
8151,4.6
8152,3.5
8153,4.0
8154,3.8
8155,3.7
8156,5.0
8157,3.9
8158,3.8
8159,3.6
8160,3.4
8161,3.7
8162,3.5
8163,3.3
8164,3.0
8165,3.8
8166,3.6
8167,3.2
8168,3.3
8169,2.6
8170,3.0
8171,3.6
8172,4.3
8173,4.3
8174,2.9
8175,3.3
8176,3.3
8177,3.6
8178,3.2
8179,2.7
8180,2.5
8181,4.5
8182,4.4
8183,4.2
8184,4.3
8185,4.6
8186,3.8
8187,4.2
8188,1.7
8189,4.3
8190,3.8
8191,2.5
8192,2.7
8193,3.3
8194,2.7
8195,3.1
8196,4.0
8197,4.0
8198,2.7
8199,3.1
8200,2.7
8201,5.0
8202,4.9
8203,3.8
8204,4.6
8205,4.9
8206,4.4
8207,4.4
8208,4.7
8209,4.1
8210,4.3
8211,3.3
8212,4.0
8213,3.3
8214,4.2
8215,3.0
8216,3.8
8217,2.5
8218,2.2
8219,2.6
8220,3.6
8221,3.7
8222,4.2
8223,3.2
8224,4.9
8225,4.0
8226,4.6
8227,3.9
8228,4.1
8229,3.5
8230,2.8
8231,3.0
8232,2.5
8233,1.7
8234,2.1
8235,2.1
8236,2.1
8237,2.6
8238,2.2
8239,2.1
8240,1.8
8241,2.2
8242,3.7
8243,2.5
8244,3.8
8245,4.0
8246,3.0
8247,3.5
8248,3.4
8249,3.9
8250,3.8
8251,3.4
8252,4.5
8253,4.0
8254,4.5
8255,4.2
8256,4.0
8257,4.3
8258,3.7
8259,4.1
8260,2.8
8261,3.7
8262,3.6
8263,4.2
8264,3.1
8265,4.3
8266,3.1
8267,3.3
8268,3.2
8269,3.1
8270,3.6
8271,3.2
8272,3.6
8273,3.8
8274,3.4
8275,2.9
8276,3.1
8277,2.5
8278,3.8
8279,3.0
8280,2.6
8281,4.0
8282,4.2
8283,3.3
8284,3.8
8285,2.4
8286,4.5
8287,2.8
8288,3.9
8289,3.0
8290,3.5
8291,4.2
8292,3.9
8293,4.1
8294,3.3
8295,3.4
8296,3.2
8297,3.7
8298,2.2
8299,4.2
8300,3.8
8301,3.8
8302,4.4
8303,4.2
8304,2.9
8305,3.4
8306,3.5
8307,3.3
8308,3.7
8309,2.4
8310,3.7
8311,3.2
8312,3.6
8313,2.8
8314,2.7
8315,2.7
8316,3.0
8317,3.0
8318,3.3
8319,2.1
8320,2.3
8321,1.9
8322,3.4
8323,4.4
8324,2.0
8325,3.8
8326,2.9
8327,3.7
8328,2.7
8329,2.1
8330,2.7
8331,4.0
8332,4.5
8333,4.2
8334,4.1
8335,4.2
8336,4.2
8337,4.1
8338,4.9
8339,4.0
8340,4.0
8341,4.2
8342,4.4
8343,4.0
8344,4.4
8345,2.7
8346,3.7
8347,4.0
8348,4.5
8349,4.3
8350,3.9
8351,4.6
8352,4.3
8353,4.8
8354,4.2
8355,3.8
8356,3.9
8357,4.3
8358,2.7
8359,3.5
8360,4.4
8361,4.0
8362,3.5
8363,2.9
8364,3.4
8365,3.8
8366,3.1
8367,2.9
8368,2.5
8369,3.3
8370,3.3
8371,3.3
8372,4.8
8373,4.4
8374,4.2
8375,4.0
8376,4.9
8377,4.0
8378,3.5
8379,4.0
8380,3.5
8381,3.2
8382,3.3
8383,3.5
8384,3.6
8385,2.8
8386,3.5
8387,3.0
8388,3.8
8389,2.7
8390,3.3
8391,4.1
8392,4.2
8393,4.0
8394,3.9
8395,4.5
8396,4.7
8397,4.1
8398,4.5
8399,3.7
8400,3.8
8401,4.2
8402,4.9
8403,4.2
8404,4.0
8405,3.5
8406,4.0
8407,2.7
8408,4.0
8409,4.0
8410,3.3
8411,4.3
8412,4.6
8413,3.9
8414,4.3
8415,4.6
8416,3.6
8417,3.6
8418,3.4
8419,3.8
8420,3.1
8421,2.9
8422,3.4
8423,3.0
8424,3.7
8425,2.2
8426,3.2
8427,1.3
8428,2.8
8429,3.3
8430,2.1
8431,4.1
8432,3.7
8433,2.8
8434,3.7
8435,3.7
8436,3.7
8437,3.4
8438,3.8
8439,3.4
8440,3.2
8441,3.3
8442,3.9
8443,3.2
8444,3.9
8445,3.6
8446,2.6
8447,3.1
8448,2.7
8449,4.0
8450,2.8
8451,4.4
8452,4.3
8453,3.8
8454,3.3
8455,2.2
8456,4.0
8457,3.6
8458,3.2
8459,3.3
8460,3.2
8461,3.3
8462,3.0
8463,2.9
8464,2.7
8465,3.0
8466,3.6
8467,2.6
8468,2.7
8469,3.3
8470,3.5
8471,3.6
8472,4.5
8473,4.3
8474,4.2
8475,3.8
8476,4.6
8477,4.3
8478,4.3
8479,4.7
8480,3.6
8481,5.0
8482,4.4
8483,5.0
8484,5.0
8485,5.0
8486,4.7
8487,5.0
8488,5.0
8489,5.0
8490,4.5
8491,4.4
8492,3.9
8493,4.8
8494,4.5
8495,4.8
8496,4.3
8497,5.0
8498,4.9
8499,4.3
8500,4.4
8501,4.4
8502,3.2
8503,3.5
8504,4.5
8505,2.9
8506,3.6
8507,4.4
8508,4.0
8509,3.4
8510,3.9
8511,3.4
8512,4.0
8513,3.7
8514,3.9
8515,3.4
8516,4.9
8517,3.2
8518,3.3
8519,3.4
8520,3.6
8521,3.1
8522,3.2
8523,3.1
8524,3.9
8525,3.3
8526,3.3
8527,3.1
8528,2.9
8529,3.2
8530,2.6
8531,3.6
8532,2.6
8533,2.9
8534,3.5
8535,3.2
8536,2.1
8537,4.0
8538,3.7
8539,2.9
8540,2.7
8541,4.0
8542,3.6
8543,3.8
8544,3.9
8545,3.8
8546,4.2
8547,3.4
8548,3.6
8549,3.7
8550,3.1
8551,3.8
8552,3.7
8553,4.5
8554,4.1
8555,2.8
8556,2.8
8557,2.0
8558,3.0
8559,3.7
8560,3.1
8561,3.9
8562,4.0
8563,3.3
8564,3.9
8565,3.3
8566,2.6
8567,3.2
8568,3.8
8569,1.9
8570,3.3
8571,4.7
8572,4.3
8573,4.3
8574,4.1
8575,3.2
8576,4.1
8577,3.3
8578,3.5
8579,3.1
8580,3.6
8581,3.9
8582,3.7
8583,3.7
8584,3.7
8585,4.4
8586,3.7
8587,3.6
8588,3.6
8589,3.4
8590,3.1
8591,3.2
8592,3.3
8593,3.8
8594,3.7
8595,2.9
8596,2.7
8597,3.5
8598,3.7
8599,2.9
8600,2.3
8601,3.8
8602,4.5
8603,4.7
8604,4.4
8605,3.8
8606,3.6
8607,3.2
8608,4.4
8609,3.6
8610,1.9
8611,4.8
8612,4.6
8613,4.9
8614,4.5
8615,4.7
8616,4.0
8617,4.0
8618,4.8
8619,3.5
8620,4.6
8621,3.0
8622,4.0
8623,3.2
8624,4.1
8625,2.3
8626,2.9
8627,2.8
8628,2.9
8629,3.7
8630,2.9
8631,5.0
8632,3.4
8633,4.1
8634,4.6
8635,4.4
8636,4.1
8637,4.6
8638,3.9
8639,3.6
8640,3.1
8641,2.9
8642,1.5
8643,3.8
8644,1.8
8645,1.6
8646,2.6
8647,2.1
8648,1.9
8649,1.9
8650,2.4
8651,3.3
8652,3.0
8653,2.7
8654,3.1
8655,2.5
8656,3.1
8657,2.4
8658,2.1
8659,2.7
8660,2.9
8661,4.6
8662,4.2
8663,4.4
8664,4.4
8665,4.4
8666,4.4
8667,4.8
8668,4.8
8669,4.1
8670,4.3
8671,3.0
8672,2.8
8673,3.5
8674,1.1
8675,2.7
8676,2.3
8677,3.4
8678,2.3
8679,1.7
8680,1.5
8681,4.3
8682,2.2
8683,3.6
8684,3.1
8685,2.9
8686,3.0
8687,1.7
8688,2.2
8689,2.2
8690,3.0
8691,2.8
8692,3.9
8693,3.5
8694,3.9
8695,4.3
8696,3.9
8697,3.9
8698,3.1
8699,3.6
8700,3.1
8701,2.9
8702,4.8
8703,4.0
8704,3.1
8705,3.6
8706,4.0
8707,3.7
8708,3.3
8709,3.1
8710,2.7
8711,3.9
8712,3.0
8713,3.4
8714,3.9
8715,3.7
8716,3.4
8717,3.9
8718,3.8
8719,3.6
8720,3.0
8721,3.2
8722,2.8
8723,2.4
8724,3.0
8725,2.8
8726,3.6
8727,3.8
8728,2.2
8729,3.0
8730,3.0
8731,4.0
8732,3.8
8733,4.5
8734,4.6
8735,4.1
8736,2.9
8737,4.0
8738,3.3
8739,3.9
8740,2.8
8741,3.9
8742,4.8
8743,4.4
8744,4.2
8745,4.1
8746,4.7
8747,4.3
8748,3.7
8749,3.4
8750,4.3
8751,4.7
8752,4.7
8753,5.0
8754,4.9
8755,4.5
8756,4.4
8757,3.4
8758,3.1
8759,4.7
8760,4.6
8761,3.9
8762,4.1
8763,3.8
8764,3.7
8765,3.1
8766,3.7
8767,4.0
8768,4.1
8769,4.5
8770,3.4
8771,3.6
8772,3.3
8773,4.1
8774,3.9
8775,3.5
8776,3.1
8777,3.6
8778,3.8
8779,3.0
8780,2.8
8781,4.0
8782,4.2
8783,4.2
8784,3.6
8785,3.8
8786,4.0
8787,3.9
8788,3.9
8789,3.1
8790,2.9
8791,3.4
8792,2.9
8793,3.5
8794,3.8
8795,3.2
8796,2.2
8797,4.4
8798,3.4
8799,2.9
8800,3.0
8801,3.1
8802,2.5
8803,3.3
8804,3.8
8805,3.6
8806,3.9
8807,3.5
8808,3.5
8809,3.1
8810,2.8
8811,4.5
8812,3.8
8813,4.5
8814,4.3
8815,4.6
8816,4.6
8817,4.7
8818,3.5
8819,4.7
8820,3.7
8821,4.4
8822,4.3
8823,4.1
8824,4.3
8825,4.2
8826,3.5
8827,4.2
8828,3.8
8829,2.9
8830,4.0
8831,4.2
8832,3.9
8833,4.1
8834,4.3
8835,4.0
8836,4.1
8837,4.1
8838,4.1
8839,2.3
8840,2.1
8841,3.6
8842,3.4
8843,3.5
8844,3.9
8845,3.1
8846,3.0
8847,3.3
8848,2.9
8849,3.4
8850,2.1
8851,3.6
8852,3.6
8853,3.4
8854,3.4
8855,3.8
8856,3.4
8857,3.0
8858,3.1
8859,2.1
8860,1.8
8861,4.4
8862,3.7
8863,4.1
8864,3.3
8865,3.6
8866,3.6
8867,3.4
8868,4.3
8869,4.6
8870,3.3
8871,4.6
8872,3.8
8873,4.8
8874,4.3
8875,4.0
8876,4.1
8877,3.6
8878,4.0
8879,3.9
8880,3.3
8881,3.4
8882,3.2
8883,3.3
8884,4.1
8885,3.7
8886,4.2
8887,4.1
8888,3.9
8889,3.8
8890,3.3
8891,4.4
8892,4.8
8893,2.3
8894,3.5
8895,4.3
8896,3.7
8897,3.5
8898,3.5
8899,4.3
8900,4.3
8901,4.8
8902,4.2
8903,3.8
8904,4.0
8905,3.8
8906,4.2
8907,4.7
8908,3.4
8909,4.4
8910,4.0
8911,4.4
8912,4.8
8913,4.3
8914,3.7
8915,4.0
8916,3.2
8917,4.6
8918,3.4
8919,3.3
8920,3.3
8921,4.0
8922,4.2
8923,3.9
8924,3.6
8925,3.4
8926,2.8
8927,3.3
8928,3.6
8929,3.2
8930,3.7
8931,3.6
8932,4.6
8933,4.1
8934,4.2
8935,3.9
8936,4.4
8937,3.1
8938,3.0
8939,3.5
8940,3.2
8941,3.4
8942,4.7
8943,4.0
8944,4.3
8945,4.2
8946,3.7
8947,3.5
8948,3.3
8949,2.3
8950,3.4
8951,3.0
8952,2.7
8953,3.6
8954,2.7
8955,2.7
8956,3.5
8957,3.4
8958,3.3
8959,3.0
8960,3.4
8961,4.3
8962,4.3
8963,4.4
8964,3.6
8965,3.9
8966,3.8
8967,3.7
8968,4.5
8969,3.8
8970,3.6
8971,3.8
8972,3.9
8973,3.5
8974,3.6
8975,3.7
8976,2.9
8977,3.2
8978,2.7
8979,3.3
8980,3.5
8981,3.2
8982,3.9
8983,3.2
8984,4.1
8985,2.7
8986,3.9
8987,3.8
8988,3.3
8989,3.9
8990,3.1
8991,2.5
8992,1.0
8993,2.4
8994,3.3
8995,2.2
8996,3.2
8997,2.2
8998,2.9
8999,3.0
9000,2.9
9001,4.4
9002,4.9
9003,3.5
9004,4.1
9005,3.6
9006,3.5
9007,3.7
9008,3.2
9009,3.0
9010,3.0
9011,4.0
9012,3.7
9013,2.6
9014,3.6
9015,2.9
9016,4.5
9017,2.7
9018,3.1
9019,4.0
9020,3.4
9021,4.5
9022,4.7
9023,4.3
9024,4.1
9025,4.5
9026,2.7
9027,3.7
9028,3.6
9029,3.0
9030,3.0
9031,3.4
9032,4.1
9033,4.3
9034,3.4
9035,4.1
9036,4.1
9037,3.9
9038,4.1
9039,4.2
9040,3.7
9041,3.6
9042,3.6
9043,3.0
9044,3.7
9045,3.6
9046,3.4
9047,3.1
9048,3.1
9049,3.3
9050,2.8
9051,4.1
9052,3.9
9053,4.8
9054,3.3
9055,3.6
9056,3.6
9057,4.4
9058,3.8
9059,3.6
9060,3.5
9061,4.5
9062,4.0
9063,4.7
9064,3.9
9065,4.8
9066,4.6
9067,4.6
9068,4.3
9069,4.1
9070,2.9
9071,3.3
9072,3.6
9073,4.1
9074,3.2
9075,3.7
9076,3.5
9077,2.8
9078,3.4
9079,3.7
9080,3.2
9081,4.5
9082,4.6
9083,4.4
9084,4.3
9085,4.5
9086,4.3
9087,4.7
9088,4.0
9089,3.5
9090,4.0
9091,3.9
9092,3.9
9093,3.1
9094,3.8
9095,3.7
9096,2.5
9097,3.0
9098,3.3
9099,2.8
9100,2.9
9101,4.2
9102,4.1
9103,4.1
9104,4.0
9105,4.1
9106,3.5
9107,4.0
9108,4.3
9109,4.2
9110,4.0
9111,4.2
9112,4.1
9113,3.4
9114,3.9
9115,3.8
9116,3.4
9117,4.4
9118,4.5
9119,4.6
9120,2.8
9121,3.8
9122,4.1
9123,3.5
9124,3.2
9125,3.6
9126,1.9
9127,3.0
9128,4.2
9129,3.9
9130,2.4
9131,3.4
9132,3.5
9133,2.9
9134,3.6
9135,3.1
9136,3.4
9137,3.1
9138,3.1
9139,3.8
9140,3.8
9141,3.2
9142,3.2
9143,2.8
9144,3.6
9145,3.5
9146,3.5
9147,4.1
9148,3.3
9149,3.2
9150,2.7
9151,4.5
9152,3.7
9153,2.8
9154,2.9
9155,2.8
9156,3.0
9157,3.7
9158,3.3
9159,2.9
9160,4.0
9161,3.8
9162,4.4
9163,3.4
9164,4.1
9165,2.6
9166,3.6
9167,3.5
9168,2.9
9169,3.9
9170,3.0
9171,4.4
9172,3.7
9173,2.3
9174,3.2
9175,3.6
9176,4.4
9177,2.3
9178,4.2
9179,3.0
9180,3.4
9181,3.7
9182,2.3
9183,3.8
9184,3.9
9185,2.8
9186,3.0
9187,2.9
9188,3.4
9189,3.3
9190,4.0
9191,3.3
9192,3.4
9193,3.0
9194,3.1
9195,3.0
9196,3.4
9197,2.9
9198,2.3
9199,2.9
9200,3.1
9201,3.8
9202,3.5
9203,2.8
9204,3.1
9205,4.3
9206,4.2
9207,3.7
9208,3.2
9209,3.1
9210,3.3
9211,3.2
9212,4.0
9213,3.9
9214,3.7
9215,4.0
9216,3.4
9217,3.1
9218,3.7
9219,3.2
9220,3.4
9221,3.9
9222,5.0
9223,4.2
9224,4.3
9225,4.3
9226,3.2
9227,3.7
9228,4.3
9229,3.4
9230,3.9
9231,3.6
9232,4.0
9233,3.6
9234,4.1
9235,4.3
9236,3.7
9237,3.4
9238,4.0
9239,2.5
9240,3.2
9241,2.7
9242,3.9
9243,3.4
9244,3.2
9245,2.4
9246,2.6
9247,2.9
9248,2.5
9249,2.9
9250,2.2
9251,3.6
9252,3.7
9253,3.4
9254,2.8
9255,3.4
9256,3.5
9257,4.0
9258,2.8
9259,2.8
9260,3.7
9261,4.1
9262,4.0
9263,4.0
9264,3.5
9265,4.2
9266,4.1
9267,3.7
9268,3.9
9269,3.2
9270,2.9
9271,5.0
9272,5.0
9273,4.9
9274,4.0
9275,3.7
9276,5.0
9277,3.8
9278,3.8
9279,4.8
9280,3.7
9281,4.0
9282,3.1
9283,3.8
9284,3.8
9285,3.7
9286,3.8
9287,3.6
9288,3.7
9289,3.9
9290,3.7
9291,3.7
9292,2.9
9293,3.5
9294,2.8
9295,3.1
9296,3.8
9297,2.1
9298,2.8
9299,3.3
9300,2.1
9301,4.6
9302,3.7
9303,4.2
9304,3.5
9305,3.8
9306,4.1
9307,3.1
9308,3.7
9309,2.8
9310,3.5
9311,3.9
9312,3.8
9313,2.3
9314,4.2
9315,3.7
9316,4.7
9317,4.3
9318,4.2
9319,3.8
9320,3.9
9321,3.1
9322,3.7
9323,3.7
9324,3.2
9325,3.6
9326,3.4
9327,3.0
9328,3.5
9329,1.5
9330,2.5
9331,3.6
9332,4.3
9333,3.7
9334,3.8
9335,3.7
9336,3.8
9337,4.1
9338,3.8
9339,3.6
9340,3.0
9341,4.2
9342,4.1
9343,4.3
9344,4.3
9345,3.8
9346,4.2
9347,3.7
9348,3.6
9349,4.2
9350,3.5
9351,3.4
9352,3.5
9353,4.3
9354,3.1
9355,4.9
9356,3.9
9357,4.4
9358,3.2
9359,3.8
9360,3.2
9361,3.7
9362,3.7
9363,3.1
9364,3.8
9365,3.3
9366,3.8
9367,3.9
9368,3.4
9369,3.5
9370,4.1
9371,2.4
9372,3.7
9373,2.8
9374,4.3
9375,3.8
9376,3.4
9377,3.6
9378,3.3
9379,2.4
9380,2.8
9381,3.5
9382,4.8
9383,5.0
9384,4.1
9385,4.2
9386,4.2
9387,2.8
9388,5.0
9389,2.7
9390,4.0
9391,3.1
9392,3.4
9393,3.7
9394,3.9
9395,4.1
9396,2.9
9397,3.9
9398,3.8
9399,3.7
9400,2.9
9401,4.0
9402,4.1
9403,3.9
9404,4.3
9405,3.7
9406,4.3
9407,4.1
9408,4.1
9409,4.3
9410,4.1
9411,4.3
9412,4.1
9413,3.3
9414,3.6
9415,4.6
9416,4.8
9417,4.4
9418,4.2
9419,4.7
9420,4.6
9421,4.5
9422,3.4
9423,3.1
9424,4.6
9425,3.4
9426,3.4
9427,2.9
9428,2.3
9429,2.9
9430,3.2
